K <- 100
N <- 4364
player2 <-
c(1, 3, 4, 6, 8, 10, 1, 13, 15, 17, 19, 21, 3, 24, 26, 28, 29, 30, 32, 24, 34, 34, 37, 38, 25, 41, 42, 44, 46, 48, 31, 46, 52, 54, 55, 34, 57, 59, 60, 61, 3, 23, 63, 65, 66, 68, 70, 72, 53, 74, 28, 77, 79, 19, 82, 83, 84, 86, 88, 89, 46, 28, 92, 94, 95, 77, 75, 87, 89, 99, 3, 102, 104, 106, 108, 109, 87, 12, 113, 114, 115, 117, 119, 55, 75, 123, 125, 127, 129, 130, 132, 134, 136, 137, 139, 140, 142, 143, 21, 79, 146, 98, 148, 150, 152, 154, 156, 157, 46, 105, 122, 148, 160, 41, 56, 163, 165, 167, 169, 171, 172, 173, 175, 128, 52, 72, 144, 88, 19, 180, 182, 184, 80, 57, 188, 94, 191, 181, 193, 194, 196, 197, 57, 148, 194, 154, 166, 203, 172, 206, 208, 194, 210, 175, 1, 212, 213, 215, 91, 217, 218, 219, 220, 221, 45, 222, 223, 99, 112, 175, 97, 228, 201, 189, 212, 108, 30, 230, 231, 232, 233, 235, 112, 238, 170, 241, 242, 244, 245, 108, 246, 248, 112, 162, 249, 194, 238, 245, 224, 48, 253, 254, 250, 256, 257, 72, 259, 260, 209, 261, 44, 262, 156, 264, 107, 137, 19, 260, 244, 266, 268, 269, 241, 271, 268, 272, 164, 35, 235, 171, 191, 30, 180, 274, 175, 124, 4, 276, 277, 251, 279, 84, 91, 245, 283, 139, 285, 11, 184, 289, 193, 290, 194, 213, 43, 17, 291, 5, 88, 232, 166, 292, 293, 228, 11, 294, 177, 86, 296, 108, 298, 300, 30, 210, 232, 301, 208, 303, 160, 219, 268, 21, 208, 306, 184, 283, 173, 272, 35, 176, 308, 200, 195, 183, 164, 225, 86, 309, 236, 311, 140, 207, 251, 312, 235, 137, 314, 315, 83, 87, 45, 277, 222, 319, 320, 108, 24, 272, 42, 143, 228, 193, 323, 208, 56, 108, 325, 266, 181, 232, 74, 328, 184, 330, 48, 71, 257, 48, 83, 235, 209, 331, 268, 284, 219, 304, 334, 209, 54, 64, 154, 250, 56, 235, 337, 17, 340, 92, 230, 341, 184, 36, 225, 188, 256, 312, 343, 59, 68, 130, 344, 230, 296, 272, 345, 97, 50, 216, 258, 180, 346, 45, 347, 349, 350, 351, 334, 200, 185, 175, 235, 225, 352, 301, 204, 217, 218, 17, 184, 218, 230, 138, 28, 245, 261, 163, 222, 162, 353, 268, 190, 159, 230, 355, 74, 206, 213, 347, 188, 241, 144, 62, 244, 3, 212, 358, 318, 206, 88, 170, 285, 360, 287, 239, 193, 13, 361, 117, 197, 347, 238, 244, 235, 165, 38, 203, 12, 346, 347, 230, 88, 334, 253, 363, 278, 364, 311, 97, 365, 159, 341, 19, 181, 144, 219, 294, 333, 335, 171, 211, 369, 82, 69, 27, 99, 69, 353, 238, 371, 160, 105, 245, 341, 178, 92, 210, 254, 88, 159, 34, 172, 269, 1, 35, 372, 334, 373, 320, 283, 374, 375, 277, 303, 367, 376, 8, 196, 194, 304, 13, 347, 166, 61, 377, 72, 378, 97, 28, 199, 379, 289, 213, 201, 334, 178, 347, 37, 303, 323, 379, 171, 282, 377, 166, 220, 194, 306, 342, 189, 54, 69, 30, 144, 11, 235, 54, 28, 154, 278, 74, 266, 241, 30, 242, 243, 342, 385, 189, 379, 75, 246, 190, 282, 15, 271, 329, 108, 292, 271, 180, 160, 388, 83, 238, 220, 294, 96, 231, 206, 181, 390, 363, 65, 162, 110, 392, 320, 221, 347, 283, 72, 324, 271, 305, 394, 349, 249, 360, 108, 83, 196, 114, 113, 378, 217, 15, 219, 269, 171, 335, 147, 215, 171, 274, 215, 50, 206, 376, 251, 56, 269, 274, 387, 241, 72, 153, 138, 86, 260, 235, 399, 231, 115, 213, 264, 206, 249, 234, 153, 34, 279, 217, 121, 108, 42, 8, 15, 72, 91, 159, 37, 28, 156, 403, 378, 198, 335, 178, 285, 94, 124, 221, 407, 320, 106, 408, 284, 409, 232, 316, 410, 213, 407, 314, 175, 282, 277, 407, 268, 1, 410, 63, 67, 184, 138, 91, 15, 290, 260, 411, 150, 175, 303, 410, 138, 173, 274, 261, 309, 386, 244, 190, 410, 160, 412, 344, 334, 268, 322, 61, 180, 40, 81, 94, 389, 252, 191, 369, 355, 298, 24, 37, 183, 8, 364, 414, 415, 83, 219, 77, 271, 235, 110, 376, 35, 207, 225, 35, 381, 56, 309, 327, 143, 341, 411, 131, 205, 363, 210, 184, 395, 122, 238, 72, 296, 409, 274, 208, 388, 341, 130, 242, 166, 364, 163, 161, 99, 213, 198, 268, 312, 296, 241, 268, 84, 420, 365, 231, 323, 400, 306, 405, 268, 11, 403, 287, 29, 154, 346, 101, 69, 228, 225, 303, 213, 285, 69, 272, 139, 367, 54, 193, 421, 312, 392, 358, 364, 181, 422, 221, 423, 183, 322, 303, 377, 148, 88, 225, 424, 83, 109, 389, 162, 175, 219, 148, 294, 303, 407, 67, 425, 353, 252, 231, 292, 270, 318, 160, 182, 410, 37, 238, 159, 11, 233, 82, 170, 246, 289, 386, 17, 203, 74, 292, 209, 244, 184, 246, 321, 426, 298, 399, 178, 228, 54, 274, 304, 164, 24, 344, 344, 282, 77, 171, 297, 221, 335, 109, 376, 206, 191, 231, 8, 420, 430, 122, 372, 241, 152, 420, 314, 30, 83, 308, 251, 217, 369, 3, 432, 17, 258, 68, 235, 79, 154, 300, 38, 218, 369, 398, 159, 38, 125, 21, 223, 151, 260, 61, 421, 185, 225, 23, 303, 232, 205, 213, 108, 242, 110, 26, 35, 215, 95, 436, 42, 301, 50, 15, 259, 104, 290, 376, 303, 274, 438, 17, 88, 410, 329, 231, 439, 288, 82, 8, 78, 345, 323, 99, 378, 347, 272, 238, 156, 51, 156, 286, 408, 303, 18, 99, 342, 399, 416, 138, 250, 198, 399, 30, 386, 175, 290, 45, 77, 188, 42, 122, 440, 395, 425, 365, 146, 188, 261, 211, 122, 266, 333, 382, 67, 37, 17, 235, 309, 304, 344, 363, 48, 223, 205, 282, 189, 264, 394, 193, 88, 301, 382, 11, 223, 376, 160, 378, 410, 432, 193, 383, 441, 274, 359, 253, 377, 379, 160, 317, 259, 86, 361, 134, 443, 315, 13, 343, 257, 193, 440, 11, 121, 302, 3, 84, 205, 277, 205, 172, 15, 379, 408, 244, 178, 447, 124, 394, 173, 133, 72, 268, 205, 3, 48, 389, 142, 99, 84, 378, 230, 379, 134, 47, 242, 405, 224, 268, 268, 309, 163, 188, 159, 273, 256, 235, 433, 94, 125, 109, 319, 355, 74, 400, 440, 372, 241, 450, 451, 29, 49, 196, 123, 340, 388, 387, 138, 194, 47, 372, 387, 13, 123, 8, 224, 42, 347, 124, 26, 347, 80, 203, 154, 75, 412, 363, 340, 452, 287, 63, 30, 55, 393, 453, 12, 360, 89, 5, 316, 333, 292, 284, 154, 31, 365, 183, 446, 182, 178, 21, 131, 377, 26, 134, 327, 392, 38, 137, 28, 354, 365, 257, 52, 14, 253, 52, 383, 369, 268, 52, 383, 199, 426, 267, 104, 135, 290, 30, 111, 104, 235, 137, 104, 96, 331, 301, 3, 389, 427, 104, 112, 76, 5, 19, 202, 400, 280, 355, 365, 74, 74, 193, 314, 291, 408, 242, 381, 318, 139, 341, 456, 257, 1, 268, 205, 251, 251, 427, 34, 369, 399, 378, 113, 183, 139, 407, 59, 15, 236, 91, 89, 294, 352, 279, 206, 185, 217, 44, 92, 301, 415, 258, 238, 389, 269, 245, 272, 267, 296, 106, 242, 409, 422, 249, 7, 184, 130, 376, 294, 61, 320, 213, 270, 385, 13, 294, 394, 246, 291, 250, 163, 344, 246, 192, 196, 309, 172, 29, 15, 191, 59, 277, 457, 262, 206, 294, 312, 75, 176, 85, 85, 301, 212, 176, 246, 191, 220, 83, 294, 56, 140, 95, 109, 160, 197, 169, 72, 148, 408, 93, 221, 409, 341, 193, 385, 408, 458, 459, 97, 357, 378, 91, 322, 291, 238, 319, 109, 379, 108, 427, 23, 304, 319, 77, 59, 132, 124, 395, 241, 235, 249, 53, 119, 246, 178, 209, 272, 362, 234, 244, 180, 333, 406, 271, 82, 272, 342, 42, 62, 162, 408, 245, 276, 99, 180, 416, 206, 338, 329, 182, 94, 278, 272, 77, 372, 282, 312, 407, 364, 54, 257, 309, 438, 125, 193, 415, 15, 399, 335, 432, 360, 24, 371, 285, 287, 114, 106, 161, 130, 303, 278, 89, 274, 142, 279, 272, 206, 171, 367, 403, 184, 130, 404, 272, 59, 357, 314, 367, 3, 261, 258, 113, 279, 30, 347, 185, 423, 254, 143, 188, 353, 229, 273, 125, 150, 229, 364, 314, 285, 253, 352, 241, 223, 296, 417, 48, 312, 28, 405, 319, 160, 375, 166, 323, 156, 284, 232, 347, 57, 385, 248, 400, 11, 212, 340, 222, 451, 94, 151, 323, 189, 412, 57, 165, 57, 47, 17, 287, 194, 15, 283, 459, 60, 427, 327, 145, 274, 293, 95, 35, 271, 352, 59, 92, 267, 347, 157, 341, 298, 24, 378, 432, 306, 330, 445, 3, 405, 357, 157, 160, 219, 86, 379, 34, 173, 72, 248, 215, 358, 372, 13, 317, 156, 298, 399, 293, 11, 327, 133, 401, 337, 113, 188, 182, 364, 242, 314, 342, 371, 354, 206, 254, 293, 409, 251, 127, 274, 277, 138, 270, 175, 373, 54, 291, 458, 411, 191, 27, 407, 150, 239, 249, 15, 411, 352, 328, 212, 270, 193, 243, 399, 102, 347, 416, 137, 273, 308, 458, 302, 212, 299, 206, 172, 248, 301, 88, 384, 271, 447, 389, 48, 394, 187, 230, 285, 370, 291, 72, 221, 398, 403, 283, 115, 206, 196, 347, 125, 188, 42, 150, 105, 175, 404, 321, 180, 54, 400, 279, 41, 443, 432, 157, 404, 114, 99, 36, 358, 277, 364, 57, 320, 388, 401, 291, 37, 309, 342, 59, 287, 297, 397, 188, 378, 114, 443, 380, 244, 342, 438, 235, 97, 236, 161, 351, 376, 216, 276, 231, 245, 186, 115, 322, 424, 199, 382, 106, 406, 28, 114, 310, 181, 29, 190, 447, 