K <- 100
N <- 1000
player2 <-
c(28, 51, 59, 35, 30, 15, 68, 85, 52, 90, 96, 38, 44, 97, 63, 84, 4, 87, 37, 30, 89, 81, 85, 19, 75, 58, 47, 53, 8, 42, 58, 79, 44, 48, 49, 41, 41, 3, 26, 61, 92, 87, 54, 56, 76, 39, 29, 8, 39, 87, 99, 25, 33, 38, 78, 91, 5, 62, 14, 12, 25, 17, 2, 75, 73, 24, 82, 25, 58, 12, 61, 87, 38, 92, 99, 4, 80, 68, 10, 40, 21, 20, 74, 50, 11, 48, 100, 28, 66, 60, 46, 64, 30, 4, 68, 2, 87, 97, 91, 63, 91, 67, 31, 49, 98, 63, 78, 55, 84, 57, 83, 15, 42, 49, 76, 10, 99, 12, 99, 17, 91, 93, 36, 48, 45, 30, 15, 1, 32, 69, 84, 23, 32, 88, 96, 23, 29, 42, 2, 8, 55, 38, 54, 76, 64, 61, 94, 29, 9, 31, 82, 49, 61, 21, 57, 91, 83, 93, 31, 82, 54, 2, 51, 88, 13, 12, 26, 62, 57, 86, 63, 6, 93, 19, 31, 49, 15, 85, 92, 5, 30, 89, 26, 84, 32, 20, 16, 96, 41, 3, 46, 11, 89, 46, 29, 25, 23, 51, 55, 46, 23, 50, 79, 69, 73, 29, 3, 58, 78, 39, 61, 89, 62, 46, 54, 13, 43, 3, 39, 11, 28, 4, 87, 33, 86, 61, 3, 11, 55, 49, 23, 23, 16, 51, 5, 35, 45, 31, 40, 68, 79, 2, 44, 40, 66, 37, 100, 75, 7, 17, 88, 85, 9, 48, 32, 23, 93, 97, 62, 83, 51, 12, 10, 55, 99, 87, 100, 81, 96, 50, 51, 39, 100, 47, 34, 50, 72, 100, 55, 55, 82, 75, 39, 83, 33, 21, 62, 6, 14, 41, 31, 30, 72, 88, 53, 46, 53, 70, 3, 79, 40, 55, 76, 47, 35, 90, 88, 34, 74, 23, 8, 91, 48, 96, 68, 34, 13, 4, 91, 26, 67, 93, 40, 34, 48, 71, 71, 24, 63, 28, 73, 50, 7, 12, 43, 10, 88, 18, 98, 81, 21, 93, 31, 60, 71, 86, 53, 6, 27, 36, 90, 60, 99, 92, 90, 4, 29, 100, 4, 35, 59, 1, 37, 87, 63, 86, 8, 57, 39, 81, 46, 66, 19, 8, 4, 90, 4, 43, 63, 64, 17, 71, 50, 6, 95, 19, 90, 63, 93, 41, 40, 36, 23, 6, 49, 22, 59, 89, 56, 64, 85, 52, 97, 81, 72, 95, 10, 76, 5, 72, 27, 56, 85, 91, 81, 88, 2, 48, 95, 93, 76, 8, 41, 29, 7, 84, 93, 37, 19, 100, 17, 38, 96, 38, 86, 63, 13, 14, 72, 45, 76, 8, 66, 26, 1, 44, 35, 11, 95, 15, 48, 2, 20, 60, 24, 97, 67, 86, 39, 87, 44, 42, 23, 86, 34, 18, 56, 3, 1, 93, 52, 13, 99, 55, 70, 24, 23, 77, 21, 56, 50, 10, 59, 15, 65, 97, 53, 21, 51, 30, 87, 27, 81, 81, 35, 97, 90, 43, 8, 6, 58, 68, 23, 23, 83, 90, 56, 2, 35, 19, 23, 83, 53, 59, 55, 74, 86, 40, 27, 8, 58, 80, 2, 47, 41, 39, 35, 45, 2, 99, 46, 72, 35, 22, 22, 22, 40, 53, 89, 69, 48, 13, 7, 97, 87, 88, 69, 46, 49, 29, 29, 47, 46, 20, 86, 31, 10, 87, 1, 41, 16, 79, 70, 36, 43, 26, 55, 8, 80, 6, 11, 77, 99, 54, 88, 72, 77, 17, 63, 81, 45, 99, 20, 66, 63, 60, 15, 16, 79, 28, 43, 46, 7, 42, 79, 44, 63, 99, 91, 19, 65, 82, 77, 95, 84, 24, 81, 65, 34, 85, 90, 61, 39, 72, 93, 21, 38, 25, 62, 79, 76, 59, 87, 92, 47, 35, 36, 95, 75, 9, 66, 87, 39, 97, 69, 21, 15, 97, 35, 44, 35, 29, 70, 25, 84, 24, 39, 46, 27, 54, 68, 52, 55, 52, 62, 12, 16, 85, 31, 32, 3, 95, 70, 33, 66, 27, 70, 99, 49, 7, 68, 37, 25, 44, 76, 54, 31, 100, 88, 35, 79, 23, 29, 15, 20, 32, 31, 13, 13, 86, 8, 75, 82, 61, 18, 61, 25, 62, 74, 24, 32, 38, 21, 18, 64, 55, 88, 45, 72, 71, 41, 99, 60, 44, 52, 56, 45, 80, 14, 28, 55, 15, 95, 54, 74, 14, 1, 18, 79, 49, 9, 19, 65, 66, 39, 71, 3, 30, 75, 97, 81, 94, 95, 23, 39, 42, 35, 51, 18, 61, 21, 29, 57, 67, 66, 18, 66, 32, 23, 37, 42, 6, 60, 28, 89, 71, 16, 87, 31, 47, 68, 70, 4, 83, 85, 89, 87, 93, 11, 84, 72, 65, 88, 45, 48, 88, 7, 19, 84, 21, 27, 90, 71, 23, 13, 73, 27, 71, 29, 79, 18, 24, 47, 56, 75, 53, 59, 22, 56, 86, 51, 10, 2, 99, 48, 31, 32, 15, 97, 65, 69, 8, 64, 39, 22, 28, 53, 68, 87, 21, 80, 97, 17, 49, 40, 10, 67, 49, 76, 55, 21, 2, 23, 70, 24, 58, 23, 59, 3, 41, 39, 17, 1, 63, 49, 41, 43, 49, 80, 33, 12, 88, 79, 48, 24, 46, 48, 65, 71, 100, 28, 84, 65, 59, 30, 50, 51, 32, 60, 10, 20, 50, 38, 73, 51, 55, 81, 57, 91, 67, 21, 89, 35, 65, 41, 9, 47, 95, 6, 11, 44, 92, 21, 97, 16, 70, 49, 24, 38, 50, 55, 88, 43, 17, 75, 59, 78, 13, 88, 61, 31, 68, 64, 41, 60, 24, 48, 48, 1, 100, 25, 87, 45, 71, 11, 47, 21, 5, 62, 33, 91, 24, 42, 63, 29, 14, 73, 56, 66, 76, 12, 29, 84, 34, 58, 4, 32, 48, 11, 87, 7, 82, 76, 95, 66, 49, 20, 4, 76, 89, 5, 44, 43, 85, 2, 52, 47, 51, 37, 15, 34, 62, 77, 41, 99, 94, 100, 17, 79, 73, 95, 14, 27, 13, 25, 82, 26, 11, 25, 48)
player1 <-
c(96, 88, 99, 94, 61, 2, 83, 35, 13, 83, 9, 79, 60, 8, 86, 60, 50, 69, 67, 25, 49, 21, 68, 63, 19, 72, 72, 71, 15, 14, 45, 97, 92, 29, 40, 35, 16, 58, 62, 20, 58, 24, 27, 11, 16, 61, 40, 16, 46, 56, 65, 52, 44, 78, 57, 73, 87, 21, 28, 11, 76, 48, 41, 96, 95, 39, 17, 41, 92, 86, 65, 13, 86, 64, 68, 6, 9, 21, 88, 14, 49, 79, 49, 62, 3, 5, 12, 5, 4, 46, 8, 14, 100, 54, 89, 29, 52, 90, 9, 85, 8, 80, 9, 95, 56, 71, 34, 47, 62, 71, 11, 65, 63, 19, 91, 21, 37, 27, 70, 21, 98, 46, 25, 87, 28, 49, 30, 75, 15, 24, 39, 43, 39, 13, 32, 1, 3, 34, 16, 14, 87, 30, 94, 99, 95, 99, 60, 55, 38, 14, 17, 66, 69, 8, 23, 16, 18, 46, 46, 22, 65, 14, 22, 73, 62, 85, 37, 59, 82, 92, 15, 29, 32, 33, 22, 8, 14, 77, 8, 71, 77, 6, 9, 91, 48, 66, 87, 55, 12, 1, 57, 44, 2, 26, 86, 93, 31, 96, 24, 5, 78, 37, 100, 78, 35, 19, 61, 80, 5, 6, 67, 54, 5, 48, 6, 85, 98, 34, 27, 22, 89, 81, 94, 71, 30, 69, 31, 95, 93, 21, 52, 57, 84, 75, 10, 56, 64, 94, 8, 29, 30, 15, 51, 2, 2, 9, 65, 4, 54, 46, 3, 31, 74, 55, 91, 81, 12, 17, 28, 11, 17, 85, 30, 70, 22, 58, 41, 75, 30, 92, 88, 62, 63, 35, 64, 77, 76, 86, 93, 33, 70, 9, 61, 74, 29, 56, 95, 12, 36, 4, 4, 68, 91, 62, 82, 41, 66, 88, 24, 53, 6, 63, 77, 37, 74, 100, 70, 20, 65, 26, 78, 31, 83, 42, 48, 8, 50, 54, 90, 46, 23, 89, 73, 17, 47, 69, 99, 72, 32, 37, 2, 63, 33, 7, 34, 16, 73, 53, 26, 54, 32, 50, 72, 11, 70, 10, 54, 64, 64, 74, 21, 75, 44, 36, 33, 68, 24, 75, 88, 75, 24, 23, 1, 16, 77, 51, 94, 6, 85, 6, 26, 82, 50, 3, 54, 72, 77, 67, 20, 11, 28, 12, 46, 2, 33, 8, 76, 71, 36, 39, 33, 71, 79, 59, 73, 8, 37, 84, 94, 30, 49, 12, 57, 85, 84, 54, 31, 66, 47, 64, 52, 95, 50, 79, 69, 13, 52, 54, 98, 56, 30, 63, 51, 5, 64, 50, 40, 93, 66, 96, 39, 62, 69, 51, 48, 70, 17, 92, 54, 22, 83, 51, 68, 60, 77, 13, 7, 84, 72, 24, 69, 67, 63, 33, 68, 28, 87, 41, 91, 58, 62, 40, 100, 47, 39, 97, 65, 22, 25, 91, 29, 3, 12, 25, 23, 35, 42, 81, 46, 61, 57, 79, 79, 69, 31, 68, 82, 40, 83, 71, 61, 81, 31, 57, 69, 13, 58, 70, 97, 52, 61, 72, 59, 62, 51, 41, 95, 62, 41, 1, 49, 96, 14, 63, 36, 13, 16, 67, 61, 38, 73, 36, 36, 42, 14, 21, 57, 98, 52, 94, 88, 44, 65, 83, 45, 53, 66, 69, 79, 19, 79, 98, 64, 12, 80, 34, 32, 32, 65, 71, 98, 42, 74, 95, 52, 88, 49, 28, 71, 12, 19, 25, 4, 8, 79, 96, 87, 2, 40, 21, 97, 15, 49, 58, 73, 49, 92, 63, 13, 35, 94, 65, 42, 50, 54, 36, 5, 74, 97, 84, 44, 95, 4, 4, 18, 87, 38, 23, 48, 71, 60, 7, 27, 6, 92, 15, 48, 85, 41, 91, 22, 54, 11, 42, 73, 44, 13, 63, 14, 55, 93, 32, 63, 93, 15, 27, 73, 68, 57, 72, 20, 23, 11, 71, 50, 52, 45, 48, 43, 19, 98, 74, 80, 61, 10, 13, 42, 42, 24, 58, 95, 19, 33, 51, 38, 48, 18, 6, 28, 83, 59, 84, 45, 29, 49, 76, 92, 13, 96, 10, 39, 8, 74, 7, 66, 100, 42, 52, 58, 81, 59, 32, 71, 76, 23, 57, 58, 30, 85, 90, 95, 53, 28, 32, 47, 30, 38, 53, 28, 15, 31, 61, 84, 14, 33, 62, 76, 74, 85, 41, 3, 39, 35, 57, 21, 8, 20, 93, 73, 90, 7, 29, 19, 61, 76, 78, 26, 99, 100, 8, 29, 66, 24, 47, 64, 52, 43, 24, 11, 48, 70, 19, 69, 62, 50, 39, 24, 57, 40, 84, 39, 39, 66, 80, 83, 44, 29, 31, 76, 16, 73, 68, 70, 65, 46, 81, 81, 6, 12, 40, 3, 13, 71, 57, 74, 83, 21, 86, 75, 79, 62, 84, 33, 46, 45, 60, 90, 91, 95, 5, 98, 48, 58, 32, 6, 93, 33, 4, 24, 76, 60, 58, 27, 20, 24, 36, 50, 88, 51, 10, 5, 17, 49, 11, 13, 91, 91, 85, 83, 74, 58, 63, 81, 35, 26, 85, 72, 11, 3, 62, 93, 60, 28, 69, 58, 25, 52, 28, 63, 100, 64, 53, 15, 92, 41, 86, 68, 94, 11, 38, 57, 75, 61, 80, 18, 98, 59, 79, 33, 68, 58, 1, 87, 90, 96, 36, 57, 12, 70, 69, 99, 96, 49, 94, 85, 58, 39, 45, 17, 8, 16, 47, 96, 42, 72, 51, 14, 68, 78, 45, 48, 74, 96, 71, 51, 69, 23, 19, 21, 14, 59, 57, 80, 86, 42, 30, 14, 83, 9, 8, 96, 36, 20, 35, 54, 63, 81, 65, 99, 96, 61, 8, 39, 34, 62, 22, 29, 39, 49, 6, 33, 24, 83, 45, 10, 65, 39, 93, 46, 66, 58, 76, 93, 87, 56, 40, 48, 41, 74, 59, 57, 63, 44, 51, 57, 61, 76, 11, 44, 39, 8, 23, 27, 86, 94, 78, 22, 1, 30, 54, 36, 43, 19, 53, 71, 76, 89, 69, 51, 28, 69, 43, 10, 64, 39, 100, 6, 72, 67, 34, 63, 67, 15, 48, 34, 42, 31, 46, 49, 8)
T <- 100
