K <- 50
N <- 3870
player2 <-
c(187, 306, 101, 229, 183, 56, 396, 456, 126, 49, 342, 181, 443, 422, 161, 413, 189, 177, 266, 275, 161, 325, 216, 133, 14, 329, 45, 449, 293, 124, 261, 386, 463, 90, 295, 11, 6, 312, 137, 126, 167, 214, 39, 472, 115, 40, 345, 166, 179, 365, 186, 455, 275, 232, 363, 129, 227, 29, 451, 315, 155, 115, 243, 25, 90, 357, 289, 387, 396, 255, 356, 51, 237, 95, 93, 81, 456, 460, 93, 173, 190, 11, 375, 9, 126, 447, 358, 3, 417, 445, 258, 138, 2, 234, 383, 126, 466, 216, 90, 85, 190, 405, 237, 287, 145, 357, 181, 267, 421, 354, 154, 86, 27, 190, 32, 130, 338, 250, 100, 351, 428, 239, 270, 200, 226, 60, 312, 107, 291, 436, 6, 135, 150, 78, 318, 187, 152, 43, 444, 48, 85, 423, 3, 76, 406, 40, 27, 357, 20, 133, 195, 360, 191, 99, 95, 276, 422, 337, 40, 179, 33, 472, 448, 121, 149, 103, 93, 307, 413, 78, 90, 422, 332, 125, 2, 121, 32, 470, 61, 457, 69, 467, 439, 112, 239, 26, 366, 416, 413, 190, 384, 326, 343, 56, 74, 40, 113, 96, 336, 202, 197, 298, 124, 322, 366, 265, 264, 358, 71, 221, 402, 307, 310, 186, 404, 265, 128, 267, 452, 196, 61, 424, 58, 26, 85, 443, 468, 161, 447, 439, 348, 330, 250, 190, 449, 179, 370, 258, 70, 92, 306, 382, 71, 426, 236, 286, 375, 383, 151, 287, 329, 85, 323, 284, 362, 42, 433, 456, 101, 149, 186, 70, 337, 106, 428, 287, 93, 185, 417, 247, 237, 280, 401, 81, 161, 326, 121, 64, 36, 370, 327, 8, 191, 100, 96, 53, 3, 370, 227, 278, 197, 252, 126, 295, 228, 265, 81, 250, 120, 100, 364, 348, 267, 282, 168, 3, 236, 237, 242, 280, 247, 155, 186, 190, 250, 180, 65, 281, 386, 413, 50, 95, 18, 26, 174, 139, 201, 280, 106, 197, 475, 370, 250, 191, 315, 115, 434, 214, 329, 16, 388, 325, 214, 61, 330, 39, 71, 190, 176, 337, 60, 170, 105, 48, 20, 286, 267, 319, 445, 226, 287, 129, 386, 433, 71, 133, 247, 121, 128, 13, 161, 155, 338, 260, 142, 227, 190, 236, 329, 148, 190, 249, 391, 170, 60, 107, 402, 48, 446, 2, 175, 357, 68, 417, 245, 51, 2, 449, 219, 96, 264, 391, 345, 167, 445, 283, 233, 129, 366, 71, 280, 90, 400, 239, 201, 348, 418, 315, 372, 229, 190, 304, 351, 14, 223, 88, 244, 456, 204, 280, 48, 327, 359, 153, 116, 350, 328, 436, 100, 26, 69, 395, 458, 317, 284, 247, 204, 130, 6, 155, 39, 135, 13, 459, 361, 325, 190, 26, 46, 75, 284, 250, 14, 73, 176, 471, 328, 298, 453, 248, 416, 429, 53, 149, 282, 126, 149, 388, 356, 442, 191, 81, 393, 71, 219, 448, 173, 287, 19, 275, 317, 121, 215, 73, 166, 162, 134, 243, 227, 228, 287, 418, 51, 302, 9, 60, 109, 153, 103, 85, 448, 368, 73, 348, 13, 130, 400, 139, 461, 198, 416, 287, 161, 71, 8, 424, 261, 357, 375, 9, 280, 165, 99, 23, 441, 458, 391, 348, 50, 388, 162, 418, 18, 96, 141, 64, 356, 6, 278, 445, 211, 224, 96, 50, 214, 304, 24, 444, 190, 118, 32, 36, 313, 22, 349, 289, 340, 299, 442, 75, 96, 53, 469, 76, 404, 60, 41, 231, 145, 146, 200, 393, 442, 118, 342, 217, 90, 260, 88, 252, 151, 423, 458, 190, 222, 98, 186, 100, 310, 103, 337, 419, 192, 250, 391, 250, 82, 430, 324, 145, 250, 195, 460, 85, 214, 446, 218, 254, 179, 386, 153, 8, 190, 302, 264, 370, 372, 246, 317, 170, 224, 16, 70, 450, 345, 425, 136, 18, 8, 79, 378, 391, 75, 403, 67, 3, 445, 250, 20, 360, 307, 267, 185, 101, 323, 400, 273, 189, 129, 442, 405, 216, 60, 245, 190, 103, 48, 159, 255, 475, 58, 90, 116, 212, 273, 252, 435, 27, 145, 7, 70, 439, 9, 103, 305, 463, 328, 145, 424, 13, 211, 348, 211, 75, 393, 236, 418, 288, 330, 348, 336, 122, 84, 101, 234, 456, 78, 158, 12, 339, 20, 121, 174, 419, 101, 305, 365, 151, 56, 103, 351, 116, 305, 282, 405, 190, 191, 149, 416, 111, 286, 36, 233, 11, 115, 16, 200, 401, 324, 26, 186, 58, 126, 219, 175, 70, 2, 258, 177, 175, 326, 280, 446, 447, 326, 400, 358, 444, 151, 393, 138, 114, 51, 63, 317, 266, 197, 472, 465, 339, 190, 202, 310, 362, 27, 99, 66, 263, 224, 61, 88, 234, 27, 444, 431, 337, 307, 445, 397, 264, 64, 313, 324, 310, 234, 424, 234, 306, 288, 42, 421, 58, 112, 441, 191, 356, 362, 287, 383, 287, 85, 87, 127, 265, 147, 20, 121, 471, 381, 2, 81, 93, 45, 113, 214, 6, 411, 94, 168, 243, 450, 358, 237, 164, 62, 78, 370, 336, 66, 165, 144, 204, 430, 130, 88, 49, 280, 454, 60, 398, 355, 416, 37, 396, 214, 13, 429, 65, 189, 85, 317, 27, 271, 49, 101, 164, 214, 214, 201, 138, 466, 297, 383, 76, 190, 112, 273, 188, 140, 70, 256, 461, 361, 149, 454, 103, 247, 460, 112, 134, 174, 203, 467, 162, 200, 120, 197, 140, 375, 40, 348, 85, 287, 114, 200, 116, 473, 222, 402, 128, 227, 370, 390, 462, 354, 466, 287, 335, 143, 347, 149, 124, 24, 190, 384, 261, 327, 190, 357, 18, 397, 237, 196, 120, 307, 3, 42, 144, 466, 256, 459, 217, 111, 267, 442, 8, 78, 100, 352, 104, 191, 179, 245, 477, 27, 126, 222, 217, 47, 393, 417, 49, 423, 286, 190, 186, 22, 439, 447, 201, 332, 6, 286, 245, 261, 352, 317, 462, 395, 71, 348, 22, 143, 2, 42, 114, 127, 214, 107, 43, 49, 415, 97, 111, 173, 189, 139, 22, 141, 123, 452, 457, 140, 422, 33, 149, 322, 372, 280, 361, 62, 106, 250, 373, 96, 245, 155, 87, 327, 295, 70, 380, 139, 231, 71, 84, 32, 397, 84, 250, 280, 413, 366, 201, 381, 86, 349, 310, 393, 14, 177, 67, 230, 304, 200, 155, 275, 413, 336, 129, 381, 157, 378, 169, 31, 61, 176, 343, 71, 115, 8, 250, 283, 180, 465, 49, 404, 333, 396, 327, 322, 263, 80, 286, 468, 56, 361, 383, 88, 116, 472, 183, 383, 8, 208, 105, 363, 112, 97, 307, 273, 161, 243, 287, 264, 402, 402, 121, 452, 240, 447, 43, 144, 51, 328, 264, 9, 29, 185, 101, 289, 225, 164, 385, 7, 273, 371, 47, 35, 273, 58, 95, 214, 220, 107, 124, 186, 460, 401, 242, 137, 278, 199, 348, 462, 282, 3, 384, 257, 71, 452, 250, 51, 227, 222, 138, 216, 49, 111, 287, 214, 393, 151, 103, 119, 52, 156, 23, 250, 223, 326, 60, 130, 304, 336, 80, 323, 337, 451, 94, 107, 368, 265, 38, 368, 70, 85, 462, 92, 33, 190, 224, 151, 167, 127, 288, 169, 316, 391, 321, 310, 153, 418, 215, 284, 98, 261, 321, 116, 224, 66, 47, 171, 223, 441, 187, 90, 263, 4, 22, 89, 453, 122, 178, 321, 234, 179, 179, 468, 310, 299, 308, 51, 426, 111, 120, 317, 214, 32, 97, 27, 90, 93, 183, 281, 460, 463, 128, 222, 27, 202, 327, 441, 193, 133, 158, 10, 429, 187, 214, 42, 169, 267, 372, 234, 368, 429, 106, 122, 127, 13, 247, 129, 174, 298, 214, 18, 429, 278, 211, 162, 370, 154, 424, 383, 19, 110, 336, 106, 60, 85, 351, 287, 158, 439, 162, 19, 115, 460, 107, 107, 142, 43, 93, 418, 446, 252, 187, 124, 262, 299, 126, 313, 153, 415, 127, 356, 124, 105, 366, 328, 118, 49, 67, 354, 20, 132, 406, 162, 438, 138, 321, 429, 49, 317, 309, 327, 239, 11, 311, 199, 329, 454, 69, 251, 355, 240, 338, 107, 60, 318, 388, 231, 435, 135, 428, 399, 91, 280, 2, 7, 207, 51, 3, 405, 329, 139, 289, 115, 167, 416, 250, 422, 16, 310, 218, 445, 236, 39, 351, 243, 373, 435, 330, 287, 107, 199, 322, 161, 466, 190, 20, 48, 70, 95, 149, 85, 320, 322, 381, 103, 297, 397, 124, 59, 275, 413, 190, 207, 250, 122, 40, 429, 123, 73, 374, 27, 270, 310, 417, 362, 284, 95, 400, 418, 395, 103, 250, 20, 64, 426, 177, 147, 153, 186, 3, 393, 401, 164, 20, 327, 424, 122, 373, 71, 177, 23, 312, 239, 120, 324, 413, 165, 419, 102, 126, 313, 179, 317, 187, 444, 460, 49, 202, 217, 321, 305, 3, 472, 20, 122, 477, 267, 177, 40, 293, 390, 29, 280, 275, 280, 145, 464, 93, 69, 202, 237, 66, 53, 286, 158, 179, 24, 313, 85, 448, 27, 246, 427, 365, 81, 267, 452, 166, 445, 424, 71, 210, 467, 267, 48, 375, 164, 335, 35, 368, 250, 256, 247, 245, 103, 214, 214, 329, 9, 313, 375, 237, 141, 223, 125, 62, 286, 320, 396, 3, 387, 325, 209, 391, 98, 174, 220, 18, 181, 445, 167, 255, 195, 374, 85, 205, 381, 391, 323, 78, 141, 413, 6, 419, 402, 316, 327, 219, 359, 216, 242, 358, 41, 129, 22, 78, 154, 393, 273, 387, 362, 50, 313, 461, 131, 42, 358, 281, 68, 288, 43, 90, 112, 190, 135, 6, 330, 465, 192, 255, 239, 33, 22, 456, 39, 240, 402, 58, 403, 463, 305, 34, 276, 280, 282, 338, 347, 220, 198, 342, 112, 418, 144, 463, 265, 350, 208, 386, 202, 3, 176, 287, 93, 96, 367, 369, 124, 214, 236, 8, 413, 141, 288, 226, 222, 62, 448, 153, 246, 237, 37, 467, 393, 76, 398, 117, 387, 297, 27, 162, 442, 267, 90, 190, 182, 122, 454, 122, 400, 47, 174, 107, 391, 322, 164, 131, 397, 113, 284, 391, 248, 287, 348, 64, 25, 27, 386, 202, 70, 405, 10, 64, 366, 162, 43,