K <- 50
N <- 3870
player2 <-
c(163, 393, 383, 404, 93, 48, 138, 227, 453, 384, 214, 103, 339, 76, 179, 111, 81, 193, 126, 186, 311, 174, 338, 116, 357, 282, 62, 475, 319, 171, 137, 255, 413, 195, 202, 438, 190, 199, 95, 16, 361, 267, 60, 311, 252, 81, 175, 256, 433, 255, 151, 3, 269, 247, 190, 322, 147, 403, 53, 153, 90, 138, 329, 153, 291, 280, 369, 422, 336, 27, 330, 25, 370, 16, 397, 112, 355, 215, 214, 76, 212, 112, 18, 377, 321, 46, 195, 158, 374, 35, 6, 140, 103, 261, 209, 362, 27, 419, 133, 218, 362, 234, 456, 99, 299, 36, 58, 168, 333, 175, 122, 418, 242, 89, 316, 149, 366, 70, 116, 445, 127, 396, 332, 301, 96, 29, 140, 66, 471, 200, 393, 250, 214, 145, 179, 50, 441, 424, 139, 258, 258, 265, 223, 454, 429, 60, 374, 186, 97, 166, 289, 105, 133, 151, 243, 103, 130, 281, 237, 60, 306, 361, 174, 149, 429, 332, 124, 469, 349, 328, 330, 112, 442, 239, 286, 78, 68, 177, 236, 239, 33, 479, 471, 114, 393, 62, 30, 133, 69, 43, 441, 196, 4, 345, 305, 161, 428, 10, 90, 140, 169, 202, 34, 126, 42, 32, 195, 439, 130, 324, 90, 202, 267, 60, 237, 100, 251, 244, 276, 7, 20, 61, 317, 278, 423, 309, 329, 26, 3, 359, 287, 138, 51, 237, 31, 111, 47, 22, 116, 378, 460, 260, 176, 121, 220, 177, 214, 332, 456, 124, 349, 120, 190, 322, 205, 167, 214, 368, 71, 373, 222, 39, 25, 308, 124, 8, 175, 6, 295, 201, 330, 26, 433, 322, 48, 430, 103, 433, 260, 52, 124, 444, 351, 97, 262, 380, 121, 411, 338, 456, 27, 361, 208, 218, 49, 208, 281, 358, 475, 322, 139, 447, 450, 444, 342, 105, 245, 286, 275, 93, 246, 384, 310, 6, 89, 177, 11, 326, 252, 214, 11, 124, 13, 419, 265, 348, 393, 369, 201, 466, 336, 381, 337, 451, 56, 468, 299, 340, 51, 346, 281, 3, 349, 304, 363, 40, 431, 267, 69, 198, 200, 382, 288, 128, 112, 147, 463, 327, 43, 125, 64, 236, 71, 263, 198, 229, 377, 393, 149, 305, 201, 14, 413, 390, 326, 89, 149, 435, 64, 191, 245, 286, 69, 454, 118, 84, 264, 223, 293, 278, 153, 265, 164, 207, 225, 154, 60, 237, 441, 250, 46, 140, 59, 200, 34, 149, 147, 30, 370, 278, 64, 316, 202, 51, 262, 81, 267, 275, 167, 70, 424, 369, 310, 428, 123, 351, 225, 2, 317, 395, 70, 69, 273, 402, 444, 311, 114, 4, 397, 361, 366, 212, 396, 186, 236, 6, 423, 460, 393, 181, 26, 49, 137, 149, 73, 357, 89, 13, 442, 177, 79, 427, 356, 452, 281, 77, 214, 161, 191, 176, 90, 477, 313, 190, 250, 107, 246, 47, 298, 270, 18, 192, 271, 388, 445, 281, 307, 141, 71, 220, 125, 27, 354, 275, 190, 333, 413, 250, 175, 136, 49, 121, 302, 112, 27, 51, 446, 122, 71, 121, 231, 151, 359, 175, 359, 69, 158, 327, 262, 115, 273, 217, 325, 252, 50, 85, 348, 74, 252, 317, 115, 191, 402, 81, 362, 288, 284, 225, 2, 307, 413, 112, 267, 2, 96, 267, 236, 101, 262, 93, 276, 161, 396, 193, 128, 416, 237, 179, 187, 20, 295, 71, 473, 162, 3, 451, 255, 472, 391, 299, 95, 417, 155, 287, 186, 424, 226, 111, 62, 81, 25, 222, 393, 315, 27, 316, 37, 370, 336, 214, 66, 24, 191, 208, 110, 393, 27, 449, 202, 406, 244, 40, 135, 327, 435, 448, 65, 454, 460, 405, 349, 110, 167, 6, 113, 185, 324, 365, 283, 39, 20, 439, 140, 20, 29, 91, 250, 57, 466, 305, 102, 20, 151, 18, 43, 352, 110, 327, 415, 472, 370, 45, 247, 243, 184, 69, 147, 134, 307, 222, 159, 8, 117, 40, 70, 226, 64, 287, 85, 398, 145, 461, 189, 316, 153, 31, 127, 227, 289, 306, 101, 436, 91, 365, 448, 337, 248, 98, 103, 220, 129, 346, 115, 287, 336, 50, 413, 179, 123, 207, 310, 446, 326, 220, 226, 36, 114, 186, 456, 141, 405, 145, 208, 373, 348, 214, 321, 337, 373, 101, 276, 234, 397, 121, 31, 310, 324, 190, 373, 129, 8, 281, 255, 297, 310, 369, 382, 251, 31, 335, 370, 273, 81, 214, 154, 227, 142, 153, 98, 75, 16, 255, 401, 278, 424, 419, 114, 96, 90, 102, 179, 153, 386, 442, 415, 139, 441, 261, 111, 8, 97, 374, 280, 85, 63, 288, 20, 11, 57, 195, 2, 345, 141, 69, 317, 240, 39, 8, 103, 134, 122, 6, 234, 64, 129, 129, 113, 181, 14, 85, 467, 96, 155, 138, 125, 167, 226, 385, 189, 155, 198, 200, 174, 392, 250, 48, 111, 177, 157, 351, 423, 95, 202, 468, 465, 243, 421, 167, 266, 400, 84, 299, 302, 91, 166, 463, 375, 214, 348, 425, 462, 41, 321, 287, 91, 429, 403, 60, 42, 79, 297, 13, 138, 239, 393, 283, 247, 463, 97, 255, 416, 413, 329, 189, 7, 299, 214, 275, 439, 104, 48, 321, 179, 256, 36, 349, 71, 40, 288, 223, 90, 220, 425, 250, 311, 39, 155, 450, 338, 250, 48, 439, 281, 318, 301, 91, 80, 345, 384, 288, 3, 398, 101, 446, 227, 264, 133, 112, 265, 201, 53, 307, 448, 286, 71, 153, 413, 327, 6, 247, 214, 329, 20, 78, 349, 202, 429, 31, 373, 115, 11, 282, 121, 153, 223, 460, 256, 175, 60, 33, 39, 357, 154, 32, 65, 53, 267, 49, 16, 395, 384, 462, 207, 38, 71, 358, 382, 402, 48, 22, 90, 238, 126, 176, 47, 348, 358, 284, 267, 273, 175, 139, 185, 71, 155, 275, 377, 177, 288, 310, 16, 460, 309, 168, 267, 318, 358, 44, 418, 366, 20, 192, 149, 64, 447, 267, 388, 179, 263, 207, 442, 190, 280, 393, 191, 51, 173, 111, 48, 287, 256, 169, 326, 252, 190, 326, 250, 33, 430, 315, 280, 128, 247, 446, 336, 35, 26, 111, 366, 280, 70, 197, 85, 250, 239, 250, 140, 147, 303, 299, 390, 307, 417, 370, 456, 214, 259, 466, 280, 115, 8, 459, 387, 199, 271, 395, 103, 66, 415, 38, 166, 112, 250, 11, 462, 85, 467, 155, 227, 56, 468, 310, 430, 164, 461, 394, 370, 189, 138, 263, 187, 396, 20, 91, 170, 267, 297, 69, 223, 81, 431, 211, 466, 143, 10, 293, 444, 471, 271, 305, 444, 413, 113, 27, 165, 424, 153, 119, 100, 67, 243, 370, 218, 112, 119, 365, 25, 69, 92, 190, 197, 60, 371, 60, 381, 260, 155, 448, 247, 278, 18, 187, 145, 255, 327, 49, 254, 81, 219, 26, 395, 97, 339, 280, 239, 475, 299, 307, 326, 176, 158, 326, 255, 425, 190, 35, 316, 159, 351, 338, 307, 240, 460, 456, 65, 309, 13, 416, 51, 20, 8, 418, 60, 445, 103, 6, 425, 170, 95, 299, 32, 233, 449, 345, 444, 327, 266, 88, 7, 85, 239, 375, 373, 131, 236, 287, 236, 73, 50, 254, 229, 381, 11, 412, 141, 192, 434, 388, 310, 186, 90, 393, 229, 222, 295, 357, 446, 373, 449, 288, 365, 345, 403, 370, 112, 295, 129, 155, 3, 3, 42, 463, 240, 276, 367, 403, 47, 191, 467, 418, 360, 305, 42, 161, 85, 134, 209, 27, 190, 214, 58, 445, 99, 388, 288, 81, 47, 58, 444, 401, 92, 48, 283, 250, 307, 27, 201, 424, 121, 58, 444, 109, 179, 473, 107, 397, 141, 201, 101, 124, 11, 42, 224, 286, 133, 49, 122, 318, 156, 140, 206, 87, 190, 176, 297, 62, 310, 47, 398, 65, 433, 20, 250, 69, 186, 463, 76, 383, 289, 90, 452, 41, 174, 240, 426, 418, 176, 39, 250, 36, 463, 26, 263, 101, 413, 103, 149, 141, 142, 455, 310, 275, 166, 327, 445, 117, 214, 3, 310, 33, 69, 226, 11, 93, 126, 447, 365, 287, 273, 111, 186, 275, 337, 472, 339, 406, 237, 452, 311, 267, 93, 471, 2, 361, 97, 299, 167, 446, 374, 97, 337, 237, 325, 43, 23, 370, 287, 96, 239, 249, 329, 286, 287, 142, 391, 348, 373, 107, 472, 216, 289, 71, 312, 51, 299, 287, 145, 69, 110, 468, 386, 40, 271, 271, 391, 185, 71, 390, 9, 316, 463, 455, 130, 441, 151, 112, 128, 273, 250, 20, 101, 65, 20, 227, 254, 326, 110, 302, 299, 286, 286, 287, 322, 58, 390, 80, 364, 162, 295, 192, 197, 373, 145, 444, 186, 126, 293, 246, 415, 310, 40, 159, 64, 128, 200, 258, 306, 239, 193, 277, 280, 246, 26, 359, 310, 148, 116, 275, 64, 186, 243, 65, 326, 170, 118, 249, 317, 63, 98, 354, 299, 287, 405, 76, 368, 351, 250, 214, 442, 63, 222, 85, 439, 416, 120, 347, 434, 263, 287, 88, 460, 370, 25, 307, 158, 422, 434, 386, 85, 214, 423, 422, 367, 477, 182, 13, 306, 328, 219, 276, 316, 93, 51, 263, 435, 169, 197, 9, 107, 418, 198, 200, 71, 167, 129, 375, 47, 138, 291, 73, 460, 424, 471, 351, 239, 93, 250, 103, 400, 168, 194, 477, 426, 298, 89, 66, 444, 260, 102, 284, 383, 381, 14, 112, 17, 130, 234, 14, 116, 267, 31, 329, 3, 435, 214, 186, 20, 419, 438, 439, 169, 11, 50, 454, 25, 424, 187, 19, 387, 102, 166, 386, 204, 263, 90, 337, 186, 368, 459, 6, 270, 280, 306, 284, 391, 342, 23, 68, 310, 58, 115, 466, 448, 287, 65, 229, 220, 65, 85, 384, 452, 110, 71, 216, 120, 85, 442, 13, 88, 68, 100, 452, 385, 32, 40, 8, 6, 425, 413, 387, 445, 102, 112, 448, 359, 85, 8, 372, 422, 333, 84, 181, 155, 49, 339, 93, 11, 20, 174, 134, 370, 415, 283, 90, 40, 8, 312, 212, 236, 286, 90, 120, 42, 68, 73, 90, 465, 262, 218, 350, 459, 50, 331, 214, 27, 216, 64, 113, 196, 415, 168, 183, 80, 