K <- 50
N <- 3870
player2 <-
c(310, 161, 169, 126, 299, 444, 145, 375, 280, 27, 115, 149, 106, 84, 95, 413, 27, 36, 47, 351, 11, 69, 22, 82, 214, 155, 327, 150, 237, 9, 364, 400, 127, 222, 336, 81, 207, 473, 84, 313, 420, 140, 236, 217, 85, 116, 81, 267, 339, 286, 231, 439, 385, 400, 306, 348, 71, 240, 358, 103, 426, 145, 179, 100, 313, 20, 227, 471, 180, 460, 61, 163, 328, 477, 195, 411, 393, 234, 386, 73, 50, 169, 227, 132, 11, 177, 289, 100, 403, 358, 208, 117, 214, 33, 187, 164, 6, 460, 461, 246, 311, 307, 277, 190, 39, 229, 307, 326, 155, 211, 99, 426, 151, 26, 332, 33, 218, 122, 43, 105, 102, 167, 6, 305, 424, 111, 246, 81, 47, 163, 115, 156, 124, 267, 89, 378, 53, 117, 116, 112, 129, 388, 220, 61, 18, 85, 464, 368, 67, 202, 195, 250, 40, 317, 234, 149, 80, 90, 55, 261, 287, 465, 467, 81, 291, 165, 24, 356, 212, 281, 327, 212, 104, 413, 71, 216, 20, 423, 459, 439, 433, 56, 190, 23, 145, 164, 185, 348, 223, 214, 67, 362, 119, 201, 67, 429, 287, 237, 93, 383, 144, 301, 178, 198, 71, 107, 260, 124, 31, 145, 316, 200, 329, 187, 227, 336, 313, 237, 143, 66, 275, 175, 170, 113, 265, 114, 284, 424, 214, 336, 116, 39, 317, 255, 190, 211, 264, 190, 124, 282, 93, 263, 130, 101, 240, 95, 81, 280, 40, 297, 69, 388, 148, 159, 455, 452, 299, 48, 151, 149, 404, 397, 316, 255, 370, 262, 124, 168, 260, 155, 308, 97, 214, 8, 166, 281, 191, 135, 449, 202, 149, 336, 115, 168, 2, 96, 316, 383, 250, 237, 24, 179, 134, 266, 391, 317, 22, 283, 170, 180, 78, 218, 468, 236, 299, 85, 222, 9, 387, 214, 89, 164, 90, 255, 339, 180, 400, 309, 161, 460, 305, 147, 375, 168, 386, 406, 307, 200, 127, 424, 445, 81, 129, 375, 70, 356, 418, 85, 81, 202, 236, 164, 138, 329, 429, 41, 402, 286, 173, 22, 436, 390, 51, 325, 432, 70, 439, 329, 310, 198, 6, 298, 284, 255, 153, 287, 237, 256, 100, 467, 403, 287, 43, 330, 219, 76, 60, 334, 403, 10, 234, 31, 280, 243, 418, 433, 8, 190, 115, 316, 332, 27, 162, 433, 246, 242, 103, 280, 85, 477, 129, 460, 319, 192, 239, 20, 313, 463, 76, 361, 129, 401, 202, 395, 60, 147, 326, 433, 288, 121, 8, 327, 71, 366, 326, 112, 6, 295, 142, 101, 174, 90, 120, 382, 413, 250, 361, 479, 129, 311, 237, 422, 100, 170, 96, 276, 327, 306, 448, 220, 93, 39, 338, 124, 195, 330, 243, 224, 383, 468, 252, 254, 177, 7, 247, 49, 40, 288, 281, 11, 323, 293, 463, 137, 27, 315, 310, 330, 287, 405, 101, 239, 155, 247, 66, 133, 387, 62, 2, 261, 322, 27, 275, 287, 145, 49, 31, 240, 161, 122, 354, 90, 181, 445, 302, 224, 76, 367, 153, 168, 204, 70, 69, 216, 187, 47, 240, 258, 121, 200, 370, 198, 299, 339, 425, 380, 239, 214, 39, 102, 348, 107, 117, 93, 179, 184, 16, 242, 324, 134, 51, 136, 265, 366, 70, 78, 307, 262, 447, 413, 128, 119, 189, 189, 29, 174, 147, 33, 443, 69, 126, 381, 118, 227, 39, 175, 30, 322, 80, 385, 40, 70, 214, 406, 383, 236, 179, 355, 190, 449, 356, 174, 60, 40, 4, 348, 321, 236, 391, 97, 120, 448, 187, 336, 368, 6, 293, 424, 263, 415, 362, 145, 313, 423, 106, 92, 327, 191, 225, 40, 278, 78, 23, 155, 215, 447, 87, 43, 425, 297, 348, 333, 316, 422, 236, 81, 93, 201, 118, 418, 352, 348, 365, 142, 282, 118, 11, 326, 40, 112, 380, 466, 463, 287, 326, 33, 6, 201, 8, 9, 126, 284, 175, 85, 90, 371, 378, 167, 76, 144, 11, 22, 226, 416, 207, 85, 236, 90, 427, 366, 287, 19, 176, 162, 214, 315, 124, 226, 361, 419, 22, 273, 454, 90, 38, 393, 158, 99, 47, 245, 248, 22, 166, 67, 3, 369, 396, 9, 396, 155, 56, 462, 282, 416, 433, 2, 182, 243, 24, 101, 65, 261, 18, 247, 177, 405, 393, 126, 118, 21, 107, 198, 260, 115, 417, 442, 446, 22, 100, 3, 176, 299, 326, 329, 192, 441, 310, 215, 228, 310, 466, 65, 137, 337, 310, 226, 81, 214, 286, 250, 231, 48, 287, 140, 273, 112, 367, 472, 366, 27, 425, 293, 444, 8, 347, 214, 189, 62, 201, 100, 159, 262, 468, 361, 118, 90, 6, 221, 201, 112, 424, 450, 339, 275, 9, 102, 141, 446, 62, 81, 158, 219, 112, 153, 81, 286, 327, 356, 149, 257, 164, 48, 177, 222, 264, 381, 78, 60, 300, 189, 351, 9, 381, 327, 325, 239, 138, 36, 179, 47, 377, 416, 396, 456, 26, 445, 462, 378, 428, 348, 111, 201, 342, 227, 112, 159, 198, 429, 116, 468, 223, 456, 7, 307, 384, 281, 26, 40, 26, 183, 200, 125, 126, 287, 122, 448, 43, 17, 317, 122, 329, 322, 190, 386, 247, 179, 327, 26, 27, 439, 338, 287, 168, 141, 130, 445, 459, 456, 325, 326, 146, 186, 327, 139, 265, 38, 56, 85, 2, 230, 310, 433, 170, 98, 139, 373, 35, 128, 307, 207, 426, 62, 138, 397, 266, 40, 275, 402, 339, 373, 402, 243, 316, 436, 309, 439, 7, 291, 345, 418, 311, 110, 190, 96, 382, 190, 71, 281, 330, 149, 60, 302, 62, 416, 348, 397, 189, 262, 287, 196, 463, 121, 359, 226, 248, 107, 190, 36, 242, 131, 466, 135, 93, 227, 191, 283, 299, 324, 96, 103, 186, 444, 404, 419, 236, 36, 472, 16, 197, 34, 56, 46, 162, 47, 81, 148, 324, 401, 216, 355, 288, 383, 202, 325, 61, 193, 27, 250, 425, 6, 443, 186, 222, 367, 103, 41, 97, 35, 202, 360, 93, 456, 332, 359, 190, 456, 143, 386, 27, 81, 381, 181, 120, 400, 27, 284, 196, 429, 186, 240, 110, 372, 113, 282, 299, 176, 214, 370, 202, 359, 60, 141, 145, 250, 100, 380, 239, 433, 85, 349, 190, 422, 89, 366, 445, 69, 222, 121, 305, 177, 333, 189, 177, 190, 65, 244, 351, 120, 64, 329, 91, 391, 393, 107, 216, 58, 53, 370, 468, 195, 6, 231, 197, 211, 79, 413, 49, 49, 342, 39, 456, 244, 138, 133, 123, 182, 273, 264, 310, 138, 265, 266, 222, 402, 190, 333, 106, 214, 145, 204, 229, 107, 398, 454, 120, 248, 101, 468, 237, 343, 317, 170, 49, 218, 107, 264, 299, 450, 45, 103, 250, 40, 451, 330, 361, 227, 236, 419, 123, 127, 40, 224, 418, 439, 368, 190, 92, 401, 295, 388, 242, 64, 338, 8, 95, 226, 467, 381, 218, 275, 368, 372, 165, 25, 22, 20, 190, 175, 138, 201, 381, 70, 224, 287, 11, 207, 245, 162, 256, 141, 426, 418, 124, 470, 313, 400, 381, 280, 310, 224, 338, 227, 27, 422, 307, 289, 33, 103, 115, 442, 3, 186, 114, 413, 237, 217, 13, 411, 267, 439, 444, 281, 81, 350, 267, 40, 426, 418, 263, 255, 263, 321, 267, 435, 64, 208, 398, 422, 69, 278, 16, 426, 265, 278, 2, 250, 393, 342, 69, 155, 256, 299, 62, 358, 49, 70, 192, 267, 439, 302, 428, 406, 226, 126, 121, 375, 90, 214, 454, 109, 96, 278, 303, 426, 337, 418, 140, 153, 367, 71, 199, 16, 8, 153, 147, 162, 85, 23, 359, 148, 3, 138, 116, 26, 255, 405, 375, 209, 430, 71, 282, 323, 144, 211, 121, 402, 362, 456, 207, 395, 218, 419, 340, 361, 421, 287, 275, 228, 102, 358, 47, 315, 337, 95, 37, 217, 311, 349, 282, 386, 111, 197, 115, 47, 330, 439, 354, 445, 444, 97, 413, 226, 328, 85, 310, 74, 263, 43, 280, 227, 14, 336, 386, 396, 223, 9, 380, 207, 103, 82, 374, 18, 149, 153, 270, 368, 103, 47, 384, 159, 316, 69, 178, 69, 252, 153, 112, 417, 11, 167, 71, 252, 149, 190, 287, 103, 234, 2, 472, 429, 299, 239, 227, 224, 383, 9, 445, 332, 373, 438, 465, 141, 127, 88, 125, 92, 370, 264, 374, 226, 199, 361, 3, 111, 114, 186, 397, 191, 25, 211, 32, 422, 287, 62, 17, 442, 461, 462, 11, 224, 48, 88, 336, 60, 373, 177, 433, 370, 431, 293, 57, 232, 243, 73, 135, 2, 151, 370, 129, 185, 3, 396, 247, 416, 332, 387, 271, 444, 339, 437, 370, 302, 250, 236, 295, 463, 90, 2, 229, 106, 6, 114, 375, 73, 79, 197, 33, 338, 227, 264, 126, 85, 322, 385, 145, 84, 225, 121, 56, 456, 273, 129, 229, 110, 318, 433, 401, 43, 354, 296, 346, 225, 90, 380, 121, 278, 280, 60, 51, 417, 237, 465, 88, 273, 349, 107, 20, 267, 246, 202, 120, 71, 90, 260, 390, 3, 40, 49, 299, 154, 324, 171, 48, 413, 318, 422, 200, 469, 286, 367, 234, 362, 214, 156, 395, 265, 32, 404, 97, 229, 13, 261, 396, 116, 439, 25, 413, 416, 63, 151, 43, 20, 78, 190, 40, 260, 223, 418, 20, 255, 128, 365, 219, 70, 350, 64, 429, 281, 47, 107, 342, 66, 229, 282, 124, 134, 49, 305, 117, 286, 126, 2, 374, 464, 471, 98, 256, 223, 48, 164, 331, 93, 158, 307, 185, 76, 173, 225, 141, 336, 467, 100, 310, 322, 78, 36, 96, 282, 433, 229, 288, 267, 305, 366, 129, 73, 121, 130, 7, 356, 93, 236, 405, 466, 275, 426, 468, 64, 71, 171, 288, 73, 32, 220, 201, 190, 202, 466, 381, 413, 349, 85, 193, 295, 126, 200, 345, 434, 368, 97, 216, 62, 2, 452, 103, 37, 169, 207, 20, 376, 116, 429, 98, 58, 366, 397, 405, 267, 187, 315, 64, 115, 386, 365, 39, 276, 31, 275, 104, 218, 329, 342, 179, 8, 153, 33, 402, 177, 398, 71,