K <- 50
N <- 3870
player2 <-
c(237, 112, 255, 3, 81, 42, 222, 151, 56, 56, 402, 81, 39, 400, 349, 27, 187, 424, 97, 468, 70, 40, 419, 27, 250, 368, 281, 131, 196, 381, 322, 369, 424, 315, 201, 317, 103, 201, 298, 60, 202, 252, 159, 149, 307, 387, 282, 56, 129, 198, 137, 177, 401, 174, 26, 430, 155, 305, 202, 19, 110, 98, 179, 65, 214, 280, 126, 237, 39, 182, 458, 53, 327, 190, 34, 202, 237, 356, 388, 195, 255, 380, 361, 358, 267, 123, 214, 456, 395, 329, 287, 248, 89, 267, 119, 247, 11, 22, 276, 413, 197, 166, 467, 288, 174, 212, 388, 305, 230, 380, 135, 415, 244, 317, 302, 262, 107, 37, 391, 90, 144, 273, 116, 114, 207, 299, 219, 153, 190, 280, 181, 293, 323, 168, 251, 41, 387, 218, 423, 424, 220, 358, 199, 182, 422, 282, 362, 107, 242, 354, 27, 120, 457, 76, 393, 425, 18, 158, 81, 174, 336, 250, 181, 96, 327, 159, 299, 252, 39, 60, 282, 471, 126, 16, 275, 393, 233, 340, 264, 51, 456, 75, 396, 94, 317, 239, 42, 140, 22, 78, 422, 429, 402, 147, 103, 226, 333, 96, 396, 381, 140, 43, 223, 190, 330, 368, 197, 190, 442, 325, 262, 444, 297, 3, 295, 50, 66, 413, 147, 47, 200, 286, 299, 107, 328, 187, 324, 313, 155, 191, 422, 26, 456, 201, 289, 139, 101, 419, 138, 39, 64, 151, 24, 128, 266, 302, 36, 212, 358, 424, 413, 39, 401, 8, 255, 355, 190, 255, 197, 141, 283, 112, 325, 246, 446, 128, 103, 456, 16, 310, 15, 397, 198, 444, 62, 129, 336, 77, 275, 62, 129, 81, 191, 237, 358, 69, 224, 6, 49, 392, 40, 173, 273, 264, 50, 208, 40, 332, 305, 94, 73, 236, 224, 34, 124, 190, 282, 382, 441, 217, 231, 120, 381, 48, 251, 111, 34, 397, 282, 63, 161, 338, 236, 43, 16, 275, 370, 62, 405, 281, 73, 136, 190, 154, 23, 418, 433, 342, 255, 273, 332, 380, 159, 327, 280, 267, 96, 48, 247, 18, 418, 463, 2, 381, 153, 179, 190, 60, 3, 214, 126, 103, 281, 63, 302, 365, 71, 326, 162, 212, 174, 78, 251, 190, 42, 291, 240, 391, 100, 322, 463, 266, 174, 384, 27, 357, 189, 229, 71, 40, 326, 152, 201, 179, 190, 27, 236, 311, 275, 306, 39, 145, 441, 275, 3, 118, 87, 107, 418, 22, 116, 98, 11, 216, 455, 169, 445, 76, 80, 111, 214, 61, 264, 161, 420, 255, 327, 131, 318, 239, 192, 342, 111, 264, 100, 287, 248, 434, 266, 49, 442, 123, 198, 460, 158, 105, 373, 242, 120, 326, 127, 280, 381, 155, 449, 181, 81, 370, 445, 445, 446, 115, 190, 444, 56, 422, 262, 444, 133, 122, 90, 246, 287, 468, 58, 40, 239, 71, 367, 418, 275, 65, 227, 466, 68, 190, 227, 311, 417, 339, 327, 195, 155, 381, 125, 287, 166, 187, 400, 368, 463, 27, 190, 103, 165, 304, 80, 264, 242, 216, 167, 383, 447, 316, 126, 218, 265, 345, 209, 18, 140, 282, 266, 372, 220, 242, 191, 95, 214, 233, 171, 390, 245, 280, 11, 96, 394, 120, 444, 227, 276, 297, 195, 193, 150, 447, 441, 19, 11, 436, 439, 433, 127, 390, 280, 32, 78, 252, 337, 112, 112, 286, 90, 27, 386, 153, 195, 153, 445, 81, 202, 287, 280, 191, 323, 64, 362, 76, 211, 243, 198, 247, 7, 396, 413, 187, 473, 304, 170, 310, 423, 370, 129, 216, 39, 469, 413, 3, 250, 130, 64, 304, 354, 381, 90, 362, 465, 49, 162, 149, 219, 58, 280, 196, 91, 118, 53, 336, 278, 361, 4, 471, 200, 167, 439, 214, 165, 31, 20, 69, 118, 466, 455, 86, 448, 381, 193, 224, 175, 441, 250, 398, 89, 120, 2, 413, 104, 404, 287, 258, 32, 100, 433, 439, 124, 237, 149, 393, 200, 69, 61, 197, 295, 177, 385, 342, 153, 47, 354, 413, 393, 422, 20, 90, 354, 26, 349, 439, 141, 179, 342, 167, 348, 413, 141, 287, 433, 170, 113, 138, 8, 373, 400, 60, 329, 465, 14, 171, 107, 215, 220, 166, 258, 22, 287, 447, 393, 14, 134, 452, 100, 135, 418, 439, 60, 11, 368, 78, 362, 158, 448, 187, 471, 306, 27, 64, 47, 85, 177, 156, 237, 299, 283, 249, 104, 145, 70, 460, 41, 468, 445, 236, 250, 141, 36, 42, 467, 406, 207, 16, 332, 293, 116, 220, 81, 112, 366, 190, 313, 38, 407, 248, 472, 229, 171, 286, 460, 164, 84, 69, 201, 384, 85, 400, 158, 137, 5, 413, 39, 106, 187, 90, 237, 25, 234, 217, 278, 332, 93, 135, 240, 287, 386, 439, 368, 214, 316, 170, 99, 357, 85, 214, 286, 13, 351, 51, 446, 27, 47, 479, 153, 360, 80, 11, 147, 112, 188, 20, 81, 374, 71, 376, 116, 107, 318, 424, 267, 237, 373, 190, 137, 53, 395, 265, 306, 161, 96, 217, 81, 9, 11, 190, 400, 56, 111, 158, 292, 48, 176, 11, 71, 307, 177, 26, 186, 153, 287, 446, 276, 406, 3, 236, 133, 456, 326, 32, 33, 310, 88, 149, 36, 71, 332, 69, 324, 195, 256, 451, 239, 103, 228, 128, 81, 106, 85, 467, 402, 190, 110, 295, 345, 204, 218, 429, 255, 139, 208, 190, 145, 139, 150, 41, 375, 326, 326, 174, 432, 438, 34, 467, 39, 124, 71, 472, 413, 90, 226, 377, 179, 255, 87, 64, 115, 79, 97, 119, 267, 70, 402, 425, 42, 380, 439, 393, 245, 397, 243, 35, 329, 423, 271, 90, 275, 93, 190, 222, 267, 48, 186, 112, 427, 375, 435, 65, 439, 426, 391, 57, 456, 87, 401, 129, 419, 9, 53, 366, 169, 194, 186, 90, 226, 348, 154, 386, 112, 267, 190, 415, 183, 145, 190, 416, 339, 115, 64, 101, 256, 185, 34, 100, 387, 110, 129, 326, 468, 120, 70, 62, 211, 199, 47, 468, 40, 115, 2, 411, 348, 397, 322, 286, 375, 116, 140, 445, 175, 70, 281, 123, 113, 366, 409, 47, 16, 93, 198, 98, 464, 280, 138, 299, 362, 214, 206, 129, 376, 154, 148, 462, 148, 305, 287, 463, 9, 60, 64, 174, 299, 155, 466, 20, 13, 201, 124, 393, 425, 316, 475, 41, 302, 282, 167, 187, 378, 202, 370, 372, 428, 131, 175, 233, 445, 250, 142, 449, 313, 265, 439, 37, 214, 310, 391, 393, 78, 128, 161, 16, 264, 273, 229, 278, 466, 53, 452, 26, 370, 413, 10, 87, 214, 96, 64, 245, 124, 262, 175, 200, 468, 26, 135, 239, 214, 90, 154, 224, 186, 384, 452, 270, 284, 117, 114, 397, 43, 366, 345, 304, 337, 145, 154, 223, 328, 49, 179, 40, 88, 30, 326, 236, 90, 240, 240, 243, 396, 139, 324, 325, 191, 271, 78, 264, 317, 61, 377, 462, 335, 118, 138, 273, 418, 153, 71, 421, 202, 19, 124, 416, 115, 190, 448, 163, 110, 236, 225, 339, 386, 345, 424, 162, 185, 156, 400, 74, 337, 288, 446, 101, 71, 338, 40, 130, 217, 195, 214, 395, 239, 51, 89, 449, 198, 146, 107, 310, 255, 18, 142, 387, 48, 286, 456, 23, 99, 215, 358, 60, 460, 20, 162, 466, 211, 396, 443, 466, 100, 413, 40, 307, 102, 107, 336, 104, 167, 287, 445, 202, 91, 403, 280, 316, 211, 2, 471, 223, 112, 122, 373, 82, 263, 286, 397, 333, 240, 218, 466, 327, 280, 403, 168, 293, 401, 82, 121, 310, 155, 26, 271, 315, 129, 220, 462, 134, 436, 176, 27, 227, 95, 343, 431, 85, 112, 96, 67, 55, 236, 124, 190, 261, 275, 116, 190, 377, 27, 401, 165, 286, 331, 95, 418, 402, 456, 122, 6, 276, 265, 275, 240, 281, 455, 19, 138, 106, 20, 78, 284, 85, 8, 9, 214, 429, 136, 426, 454, 7, 151, 324, 251, 469, 141, 76, 460, 368, 154, 327, 115, 382, 327, 357, 27, 186, 76, 375, 70, 11, 27, 302, 375, 117, 176, 162, 227, 65, 139, 427, 85, 338, 141, 288, 85, 2, 59, 273, 359, 20, 34, 426, 373, 40, 468, 101, 120, 442, 76, 305, 295, 442, 98, 470, 98, 191, 164, 421, 70, 356, 250, 218, 415, 228, 339, 365, 130, 3, 310, 281, 234, 164, 342, 276, 48, 267, 397, 69, 416, 338, 192, 40, 51, 247, 275, 214, 375, 250, 78, 174, 252, 273, 451, 62, 472, 390, 8, 243, 275, 281, 124, 234, 177, 104, 93, 51, 67, 214, 192, 456, 305, 359, 307, 418, 463, 101, 45, 53, 419, 270, 127, 339, 133, 183, 398, 193, 153, 459, 342, 366, 327, 393, 336, 445, 115, 354, 120, 446, 27, 362, 278, 191, 103, 370, 2, 7, 9, 465, 185, 281, 333, 310, 195, 77, 246, 175, 151, 348, 117, 370, 130, 35, 145, 195, 250, 405, 58, 289, 21, 288, 147, 350, 138, 88, 418, 20, 92, 426, 351, 282, 101, 8, 25, 10, 81, 23, 255, 368, 103, 3, 351, 190, 254, 302, 60, 161, 357, 278, 358, 328, 263, 26, 313, 267, 6, 81, 452, 445, 101, 16, 271, 224, 207, 381, 96, 386, 71, 224, 237, 190, 103, 391, 339, 346, 169, 401, 228, 261, 38, 405, 16, 70, 121, 373, 324, 452, 477, 175, 413, 375, 295, 227, 223, 403, 214, 417, 275, 169, 313, 217, 236, 370, 239, 14, 368, 82, 52, 388, 429, 418, 336, 444, 391, 312, 179, 329, 35, 339, 273, 84, 73, 403, 287, 50, 470, 169, 243, 317, 140, 192, 121, 308, 132, 349, 201, 90, 364, 295, 267, 93, 156, 327, 115, 396, 386, 113, 349, 103, 49, 320, 282, 448, 425, 374, 307, 23, 378, 370, 247, 226, 418, 306, 428, 367, 434, 283, 214, 227, 327, 178, 269, 116, 261, 222, 216, 229, 6, 384, 287, 321, 58, 416, 168, 223, 402, 355, 33, 402, 53, 65, 90, 6, 415, 36, 303, 242, 170, 329, 100, 370, 448, 191, 102, 