K <- 50
N <- 3870
player2 <-
c(333, 111, 114, 166, 159, 388, 462, 223, 32, 101, 216, 227, 280, 53, 231, 98, 118, 306, 239, 56, 18, 174, 226, 377, 226, 234, 247, 101, 51, 310, 159, 49, 13, 116, 338, 270, 215, 164, 158, 388, 287, 63, 227, 120, 396, 396, 250, 365, 267, 41, 404, 112, 463, 214, 236, 267, 373, 8, 444, 332, 91, 396, 136, 9, 375, 214, 18, 211, 471, 423, 396, 178, 316, 33, 190, 67, 166, 317, 267, 156, 95, 401, 204, 16, 310, 287, 49, 48, 397, 62, 315, 333, 286, 418, 68, 126, 69, 24, 247, 250, 180, 60, 40, 176, 220, 427, 22, 276, 123, 297, 39, 8, 338, 190, 439, 43, 33, 40, 34, 386, 192, 397, 439, 332, 223, 270, 78, 324, 90, 179, 85, 348, 51, 396, 153, 358, 463, 429, 39, 15, 382, 444, 362, 49, 129, 284, 48, 428, 345, 191, 462, 350, 13, 18, 43, 75, 58, 48, 312, 90, 245, 105, 192, 236, 2, 452, 305, 3, 237, 428, 327, 116, 190, 103, 85, 214, 71, 425, 32, 282, 164, 453, 419, 403, 170, 334, 309, 288, 236, 236, 11, 211, 432, 127, 361, 449, 280, 471, 445, 295, 271, 264, 255, 78, 145, 197, 433, 466, 61, 441, 263, 305, 282, 337, 400, 117, 3, 164, 214, 352, 325, 11, 386, 367, 193, 325, 3, 112, 299, 158, 396, 77, 47, 145, 338, 208, 266, 426, 190, 153, 260, 302, 433, 396, 324, 155, 310, 250, 121, 214, 316, 61, 283, 386, 264, 402, 179, 7, 428, 295, 149, 434, 368, 284, 27, 298, 311, 426, 273, 282, 246, 207, 405, 141, 167, 155, 345, 424, 370, 356, 7, 297, 25, 8, 56, 113, 100, 436, 254, 19, 361, 64, 167, 116, 349, 382, 140, 373, 433, 456, 327, 244, 69, 391, 364, 16, 27, 295, 374, 448, 56, 237, 95, 391, 191, 313, 177, 138, 192, 451, 14, 381, 190, 232, 226, 299, 114, 236, 190, 35, 381, 362, 298, 173, 309, 23, 396, 436, 149, 20, 71, 122, 177, 337, 9, 411, 278, 399, 404, 469, 461, 95, 435, 413, 281, 89, 462, 475, 30, 358, 287, 177, 287, 7, 418, 409, 236, 265, 32, 73, 368, 288, 310, 111, 361, 397, 122, 393, 80, 265, 47, 375, 60, 456, 441, 100, 111, 145, 430, 282, 201, 397, 141, 129, 266, 112, 112, 471, 384, 61, 137, 329, 293, 33, 395, 191, 233, 96, 99, 417, 11, 373, 51, 11, 99, 442, 254, 111, 448, 463, 287, 225, 370, 227, 441, 467, 154, 243, 467, 32, 407, 23, 342, 198, 217, 352, 315, 201, 384, 117, 287, 211, 291, 103, 328, 16, 158, 85, 99, 465, 126, 433, 336, 444, 210, 70, 256, 264, 222, 322, 362, 166, 375, 264, 395, 250, 244, 112, 207, 421, 98, 418, 327, 301, 448, 169, 331, 191, 449, 338, 306, 8, 418, 155, 209, 153, 39, 50, 424, 22, 381, 227, 454, 60, 195, 424, 124, 393, 131, 110, 102, 460, 286, 462, 190, 287, 231, 339, 133, 22, 115, 207, 267, 252, 425, 366, 23, 81, 69, 223, 226, 307, 141, 281, 171, 422, 307, 338, 327, 2, 80, 225, 109, 424, 425, 18, 178, 3, 287, 229, 33, 43, 53, 88, 373, 158, 328, 339, 280, 443, 102, 383, 348, 468, 32, 297, 280, 250, 133, 222, 201, 463, 126, 190, 282, 115, 62, 307, 391, 229, 413, 45, 229, 313, 237, 168, 348, 70, 450, 53, 406, 71, 50, 71, 382, 430, 20, 20, 396, 13, 468, 140, 428, 116, 154, 295, 327, 126, 306, 225, 154, 24, 167, 112, 393, 366, 219, 356, 189, 282, 384, 47, 372, 287, 3, 27, 214, 357, 239, 456, 126, 90, 139, 345, 11, 128, 6, 23, 286, 2, 55, 82, 71, 250, 400, 250, 267, 11, 164, 406, 57, 18, 49, 312, 326, 112, 310, 418, 388, 155, 310, 448, 448, 406, 70, 70, 411, 20, 96, 90, 100, 393, 256, 192, 406, 190, 302, 439, 467, 306, 158, 174, 199, 115, 49, 251, 332, 49, 124, 115, 310, 202, 186, 190, 173, 191, 278, 84, 99, 395, 190, 324, 291, 372, 5, 467, 65, 351, 460, 378, 97, 90, 49, 355, 70, 190, 218, 228, 39, 38, 429, 380, 415, 182, 135, 326, 65, 460, 136, 443, 115, 190, 425, 400, 149, 462, 354, 208, 275, 354, 226, 173, 217, 195, 171, 267, 145, 191, 267, 197, 116, 168, 245, 66, 64, 132, 418, 149, 73, 90, 328, 156, 260, 345, 153, 76, 113, 43, 389, 152, 220, 307, 191, 207, 127, 87, 200, 212, 264, 224, 280, 18, 179, 40, 459, 40, 280, 310, 256, 421, 310, 296, 264, 446, 114, 280, 71, 158, 366, 8, 27, 127, 424, 190, 263, 189, 348, 101, 361, 71, 27, 403, 287, 287, 298, 26, 186, 323, 179, 327, 40, 351, 350, 93, 71, 100, 401, 142, 306, 149, 133, 26, 367, 444, 121, 220, 31, 393, 282, 98, 452, 81, 144, 6, 103, 342, 181, 444, 5, 93, 401, 52, 307, 124, 171, 7, 77, 325, 243, 317, 11, 85, 207, 22, 305, 460, 247, 361, 2, 74, 202, 71, 2, 356, 190, 179, 299, 441, 370, 393, 16, 90, 223, 330, 350, 175, 278, 35, 161, 267, 16, 60, 368, 9, 393, 278, 223, 73, 121, 287, 326, 375, 102, 223, 47, 426, 153, 345, 47, 212, 468, 456, 329, 413, 456, 240, 276, 444, 317, 60, 321, 424, 357, 293, 117, 416, 47, 90, 13, 325, 60, 201, 96, 155, 84, 118, 125, 390, 457, 374, 137, 380, 114, 295, 329, 20, 42, 39, 42, 200, 186, 395, 22, 400, 273, 39, 445, 251, 48, 361, 220, 413, 90, 110, 87, 309, 49, 153, 167, 202, 222, 9, 88, 413, 386, 368, 248, 462, 200, 214, 151, 464, 190, 3, 332, 113, 103, 27, 465, 121, 141, 85, 175, 266, 236, 348, 342, 29, 186, 333, 271, 405, 385, 406, 456, 365, 321, 69, 161, 299, 247, 6, 103, 455, 362, 250, 82, 66, 307, 266, 263, 56, 261, 27, 217, 454, 45, 371, 190, 65, 112, 149, 31, 27, 286, 261, 90, 166, 128, 58, 6, 359, 342, 27, 438, 297, 214, 316, 324, 96, 456, 150, 335, 121, 226, 202, 361, 85, 111, 177, 265, 176, 8, 186, 322, 420, 219, 327, 287, 463, 8, 120, 348, 400, 267, 442, 428, 31, 387, 88, 263, 134, 16, 154, 312, 189, 137, 37, 429, 139, 275, 284, 190, 293, 111, 134, 161, 37, 402, 22, 190, 286, 240, 192, 421, 373, 252, 26, 402, 446, 243, 243, 112, 435, 371, 439, 212, 242, 85, 321, 333, 48, 442, 327, 420, 138, 365, 58, 400, 444, 16, 85, 115, 170, 157, 466, 43, 307, 161, 391, 338, 317, 246, 48, 107, 413, 310, 324, 348, 305, 311, 327, 124, 467, 275, 345, 190, 466, 143, 422, 25, 222, 208, 310, 190, 448, 219, 200, 60, 20, 140, 242, 168, 198, 64, 95, 20, 151, 190, 250, 141, 6, 386, 124, 48, 250, 170, 455, 229, 391, 11, 364, 361, 49, 11, 38, 358, 51, 190, 275, 310, 20, 129, 158, 67, 147, 348, 416, 307, 263, 101, 456, 139, 248, 444, 190, 66, 287, 103, 426, 179, 457, 434, 76, 78, 7, 153, 349, 166, 406, 94, 405, 307, 472, 466, 218, 95, 84, 227, 310, 79, 321, 329, 128, 393, 258, 287, 69, 445, 129, 158, 406, 455, 14, 237, 461, 239, 335, 260, 43, 396, 190, 425, 343, 155, 349, 357, 447, 454, 121, 446, 299, 220, 58, 155, 276, 143, 265, 176, 193, 65, 286, 121, 337, 322, 452, 255, 34, 232, 234, 43, 335, 174, 127, 287, 170, 121, 100, 416, 8, 381, 73, 6, 147, 447, 91, 216, 220, 388, 261, 250, 302, 94, 126, 175, 469, 337, 419, 126, 368, 250, 299, 139, 447, 413, 336, 118, 143, 60, 96, 38, 329, 49, 202, 336, 198, 240, 150, 283, 426, 154, 128, 252, 418, 179, 315, 26, 370, 20, 255, 106, 321, 81, 441, 297, 327, 415, 224, 202, 446, 71, 218, 100, 396, 197, 161, 126, 439, 463, 243, 195, 129, 93, 318, 417, 267, 400, 51, 195, 342, 7, 118, 342, 139, 85, 475, 405, 394, 415, 459, 229, 31, 433, 280, 419, 463, 60, 32, 190, 50, 98, 416, 435, 110, 391, 207, 27, 275, 129, 295, 227, 8, 24, 276, 11, 358, 275, 186, 92, 148, 324, 475, 327, 16, 115, 349, 116, 168, 413, 250, 214, 445, 40, 217, 361, 214, 329, 111, 137, 112, 422, 149, 27, 151, 200, 236, 200, 397, 10, 233, 155, 289, 118, 375, 62, 190, 262, 162, 65, 273, 124, 243, 395, 429, 451, 31, 387, 417, 402, 418, 460, 247, 321, 199, 348, 148, 391, 196, 396, 316, 404, 90, 236, 380, 237, 11, 327, 430, 113, 250, 434, 377, 69, 116, 176, 337, 170, 101, 144, 433, 425, 201, 158, 170, 223, 11, 159, 155, 393, 176, 444, 39, 313, 244, 47, 468, 115, 179, 381, 441, 85, 267, 299, 190, 17, 330, 175, 220, 3, 169, 82, 243, 386, 23, 418, 12, 56, 185, 239, 342, 398, 228, 327, 71, 424, 9, 6, 71, 424, 365, 11, 186, 120, 100, 16, 36, 335, 177, 64, 284, 91, 103, 16, 281, 447, 120, 103, 29, 250, 34, 315, 250, 246, 413, 460, 105, 190, 14, 11, 237, 48, 214, 122, 16, 286, 116, 354, 278, 275, 118, 224, 258, 168, 426, 270, 242, 128, 140, 139, 43, 339, 186, 98, 52, 9, 402, 191, 295, 297, 465, 78, 368, 460, 161, 261, 366, 446, 406, 321, 96, 20, 470, 22, 8, 333, 349, 295, 413, 446, 322, 190, 445, 92, 7, 262, 302, 130, 305, 250, 304, 429, 49, 257, 239, 49, 87, 214, 390, 413, 128, 390, 398, 424, 305, 265, 444, 65, 262, 40, 398, 177, 265, 323, 361, 218, 249, 318, 85, 3, 102, 9, 198, 435, 50, 283, 418, 60, 245, 280, 250, 299, 360, 103, 425, 90, 336, 27, 200, 275, 