K <- 50
N <- 3870
player2 <-
c(413, 147, 349, 176, 477, 256, 433, 101, 116, 20, 306, 73, 91, 158, 466, 62, 321, 27, 466, 78, 339, 317, 306, 225, 401, 26, 275, 380, 396, 180, 85, 192, 48, 413, 255, 217, 115, 49, 349, 47, 13, 416, 299, 264, 299, 264, 448, 138, 88, 60, 32, 282, 179, 396, 62, 466, 373, 89, 69, 430, 236, 377, 463, 70, 191, 8, 166, 208, 381, 129, 78, 393, 366, 284, 254, 252, 355, 40, 447, 302, 287, 348, 383, 226, 381, 185, 40, 429, 211, 329, 411, 297, 250, 293, 299, 423, 423, 27, 126, 286, 332, 419, 50, 122, 217, 381, 142, 27, 115, 2, 444, 265, 262, 307, 69, 200, 323, 258, 214, 33, 14, 124, 247, 43, 70, 193, 401, 9, 27, 153, 40, 97, 287, 269, 103, 273, 199, 466, 237, 202, 36, 69, 200, 132, 262, 96, 71, 145, 380, 288, 236, 281, 70, 49, 373, 462, 13, 198, 413, 472, 270, 90, 286, 167, 187, 250, 393, 211, 239, 64, 243, 116, 77, 422, 47, 325, 162, 413, 472, 452, 475, 287, 459, 93, 90, 352, 86, 61, 233, 385, 47, 236, 329, 176, 42, 463, 75, 327, 165, 286, 280, 71, 64, 239, 456, 448, 110, 204, 129, 260, 202, 275, 193, 380, 202, 60, 112, 144, 349, 475, 126, 251, 324, 266, 370, 71, 295, 162, 366, 177, 195, 263, 155, 133, 179, 413, 362, 403, 92, 358, 92, 174, 433, 16, 70, 190, 81, 266, 97, 305, 404, 164, 368, 302, 326, 312, 280, 282, 190, 463, 6, 237, 249, 265, 129, 446, 8, 241, 27, 4, 446, 190, 7, 169, 214, 370, 237, 366, 325, 101, 3, 41, 319, 317, 443, 117, 403, 323, 287, 457, 462, 90, 78, 223, 439, 282, 327, 121, 428, 464, 49, 25, 448, 151, 421, 361, 20, 456, 39, 227, 230, 282, 135, 415, 144, 88, 287, 224, 48, 140, 338, 352, 89, 449, 14, 223, 149, 429, 22, 252, 116, 320, 210, 140, 2, 124, 223, 280, 280, 216, 175, 358, 287, 468, 95, 3, 265, 133, 177, 281, 281, 130, 456, 31, 62, 42, 328, 326, 289, 174, 383, 348, 271, 381, 39, 110, 93, 70, 424, 396, 198, 227, 305, 87, 98, 317, 64, 424, 297, 273, 276, 58, 309, 357, 92, 124, 275, 86, 450, 127, 276, 189, 71, 240, 179, 449, 390, 265, 141, 70, 97, 125, 53, 327, 119, 2, 214, 384, 227, 150, 90, 333, 370, 216, 423, 234, 225, 122, 85, 70, 112, 326, 413, 280, 307, 144, 214, 239, 418, 23, 58, 276, 80, 282, 446, 69, 295, 189, 20, 250, 271, 186, 275, 112, 239, 464, 60, 121, 264, 366, 305, 248, 250, 215, 85, 85, 155, 352, 115, 250, 133, 435, 445, 149, 418, 85, 100, 319, 361, 96, 156, 47, 168, 299, 273, 405, 212, 419, 327, 9, 456, 250, 419, 283, 286, 73, 242, 90, 466, 99, 149, 400, 141, 291, 424, 258, 430, 259, 267, 425, 122, 351, 448, 323, 59, 138, 105, 326, 286, 318, 310, 58, 161, 316, 329, 43, 190, 168, 383, 417, 151, 11, 299, 158, 40, 51, 330, 157, 218, 36, 139, 250, 127, 370, 349, 234, 240, 250, 137, 191, 104, 200, 40, 319, 439, 62, 386, 103, 445, 383, 116, 310, 255, 417, 244, 445, 391, 243, 310, 326, 23, 190, 231, 20, 448, 223, 273, 102, 81, 287, 299, 468, 93, 47, 49, 444, 114, 101, 154, 460, 433, 40, 89, 258, 43, 153, 186, 358, 393, 456, 433, 38, 43, 155, 62, 161, 321, 109, 3, 133, 179, 87, 402, 406, 128, 316, 447, 369, 224, 446, 104, 393, 267, 351, 281, 262, 6, 73, 141, 349, 250, 78, 111, 70, 280, 267, 75, 252, 373, 383, 132, 36, 214, 180, 287, 396, 168, 62, 237, 266, 2, 356, 424, 396, 388, 287, 282, 112, 261, 250, 92, 9, 149, 390, 47, 310, 26, 26, 467, 95, 88, 357, 70, 444, 37, 469, 402, 11, 280, 258, 442, 386, 427, 42, 348, 99, 375, 434, 90, 296, 25, 73, 35, 377, 419, 195, 164, 361, 90, 198, 131, 89, 214, 468, 288, 190, 236, 69, 304, 162, 121, 370, 313, 244, 198, 47, 220, 333, 141, 186, 477, 418, 49, 179, 169, 444, 286, 190, 313, 356, 212, 96, 143, 332, 416, 26, 179, 53, 135, 307, 49, 22, 6, 236, 406, 190, 81, 393, 305, 95, 256, 70, 155, 420, 349, 100, 224, 195, 202, 128, 158, 212, 94, 190, 360, 120, 263, 426, 33, 198, 441, 32, 393, 65, 96, 141, 76, 329, 78, 423, 64, 115, 276, 327, 375, 124, 391, 200, 367, 378, 460, 297, 267, 69, 327, 190, 148, 391, 191, 190, 426, 27, 423, 147, 310, 451, 429, 150, 33, 250, 42, 186, 62, 102, 426, 466, 293, 241, 2, 412, 267, 167, 295, 349, 398, 118, 39, 325, 236, 32, 297, 370, 367, 378, 179, 10, 153, 357, 439, 140, 81, 113, 191, 392, 71, 359, 278, 315, 316, 112, 98, 6, 450, 58, 431, 66, 169, 190, 212, 327, 186, 393, 305, 151, 468, 255, 331, 250, 311, 50, 276, 425, 396, 267, 16, 23, 391, 115, 278, 224, 78, 403, 395, 214, 382, 336, 325, 197, 175, 383, 207, 367, 456, 166, 369, 68, 220, 231, 455, 357, 288, 126, 60, 90, 211, 114, 153, 69, 418, 112, 236, 325, 9, 214, 460, 236, 445, 142, 287, 119, 307, 286, 103, 307, 47, 335, 302, 6, 202, 96, 131, 198, 183, 307, 466, 68, 462, 132, 406, 75, 63, 199, 413, 51, 31, 326, 206, 68, 9, 418, 118, 382, 119, 472, 220, 310, 300, 315, 61, 395, 69, 388, 60, 165, 261, 31, 199, 186, 170, 365, 98, 155, 362, 93, 39, 150, 240, 26, 2, 126, 295, 375, 3, 106, 4, 138, 322, 175, 255, 416, 243, 405, 141, 282, 425, 149, 337, 154, 362, 413, 43, 388, 206, 190, 216, 211, 120, 202, 310, 39, 70, 26, 293, 202, 217, 47, 418, 267, 387, 446, 265, 220, 226, 416, 173, 247, 71, 358, 136, 250, 227, 448, 174, 48, 202, 461, 124, 429, 143, 93, 77, 287, 79, 299, 190, 247, 145, 358, 354, 236, 127, 39, 81, 165, 47, 151, 242, 120, 336, 217, 220, 154, 11, 149, 22, 222, 401, 366, 424, 9, 240, 324, 237, 350, 240, 175, 217, 170, 24, 267, 96, 393, 472, 129, 145, 365, 128, 234, 325, 53, 393, 286, 181, 226, 413, 107, 90, 265, 47, 286, 173, 16, 339, 444, 71, 348, 183, 298, 263, 273, 313, 243, 40, 463, 48, 88, 201, 90, 280, 153, 16, 390, 401, 91, 317, 65, 39, 75, 446, 56, 155, 126, 308, 214, 124, 471, 126, 34, 176, 415, 465, 36, 456, 223, 357, 27, 262, 64, 139, 154, 167, 8, 209, 214, 174, 462, 354, 49, 65, 187, 187, 85, 127, 415, 236, 433, 49, 23, 243, 20, 280, 201, 71, 282, 190, 226, 452, 281, 178, 413, 435, 153, 60, 60, 260, 439, 250, 439, 142, 115, 255, 229, 11, 280, 147, 362, 162, 257, 138, 40, 243, 179, 234, 390, 337, 317, 247, 192, 114, 176, 463, 316, 361, 384, 368, 467, 370, 225, 446, 217, 446, 297, 39, 381, 462, 111, 156, 307, 302, 22, 261, 34, 445, 381, 129, 442, 179, 66, 310, 441, 94, 49, 475, 186, 6, 140, 286, 350, 356, 20, 190, 50, 223, 342, 161, 327, 112, 81, 387, 354, 201, 346, 386, 192, 234, 78, 350, 342, 196, 29, 93, 116, 76, 120, 463, 145, 237, 6, 158, 31, 370, 60, 20, 7, 264, 307, 68, 102, 147, 329, 84, 8, 247, 97, 387, 167, 107, 240, 227, 278, 153, 374, 416, 326, 101, 374, 2, 304, 335, 288, 60, 128, 90, 424, 181, 143, 362, 76, 246, 96, 146, 47, 11, 133, 78, 307, 310, 299, 413, 100, 430, 60, 383, 38, 324, 446, 328, 406, 9, 165, 348, 326, 122, 133, 39, 351, 20, 310, 89, 239, 243, 155, 58, 295, 439, 93, 57, 337, 78, 2, 393, 207, 202, 369, 311, 100, 2, 168, 192, 158, 327, 287, 143, 14, 450, 286, 282, 199, 159, 431, 342, 318, 26, 154, 463, 386, 275, 18, 240, 24, 307, 48, 71, 251, 317, 46, 226, 267, 391, 224, 460, 112, 468, 348, 103, 275, 190, 100, 141, 437, 11, 460, 381, 148, 103, 383, 215, 383, 339, 48, 287, 179, 388, 448, 435, 190, 67, 24, 214, 100, 16, 374, 126, 112, 372, 23, 468, 413, 426, 18, 232, 47, 189, 199, 96, 261, 326, 179, 123, 236, 51, 85, 48, 112, 23, 39, 305, 190, 190, 71, 273, 262, 337, 69, 48, 383, 129, 251, 438, 69, 310, 14, 186, 98, 43, 90, 78, 34, 9, 18, 419, 85, 239, 445, 192, 250, 190, 6, 448, 250, 177, 8, 265, 126, 25, 155, 444, 190, 338, 179, 112, 143, 250, 220, 210, 318, 413, 82, 69, 27, 368, 242, 224, 460, 103, 190, 413, 246, 211, 424, 39, 361, 418, 226, 95, 214, 103, 261, 323, 39, 80, 347, 75, 403, 263, 374, 309, 281, 171, 199, 56, 293, 18, 34, 396, 222, 267, 282, 22, 429, 287, 306, 166, 471, 326, 19, 69, 380, 347, 200, 169, 452, 27, 472, 115, 53, 400, 385, 193, 40, 466, 191, 384, 383, 444, 167, 226, 202, 11, 306, 449, 182, 467, 129, 222, 406, 256, 348, 234, 330, 211, 237, 391, 384, 390, 236, 145, 100, 199, 237, 229, 245, 204, 223, 33, 61, 227, 190, 117, 207, 191, 185, 309, 174, 318, 138, 463, 267, 124, 197, 40, 45, 176, 69, 84, 433, 22, 366, 243, 168, 32, 13, 329, 212, 250, 129, 281, 417, 310, 271, 444, 175, 453, 348, 63, 18, 92, 117, 451, 411, 227, 389, 386, 350, 101, 322, 433, 189, 61, 112, 424, 107, 449, 178, 349, 240, 471, 239, 372, 239, 218, 191, 148, 67, 464, 38, 121, 186, 415, 50, 413, 220, 113, 112, 383, 22, 413, 126, 429, 214, 115, 