K <- 50
N <- 3870
player2 <-
c(227, 466, 273, 322, 26, 236, 418, 150, 333, 13, 63, 317, 438, 95, 246, 93, 81, 327, 56, 234, 192, 236, 85, 164, 151, 145, 6, 307, 140, 202, 299, 342, 405, 320, 207, 439, 249, 261, 299, 110, 138, 71, 126, 363, 460, 158, 273, 471, 196, 85, 433, 17, 190, 81, 175, 250, 284, 284, 73, 429, 121, 271, 276, 71, 255, 260, 249, 391, 71, 56, 199, 129, 66, 143, 393, 60, 162, 333, 411, 323, 23, 20, 110, 71, 466, 53, 271, 280, 424, 168, 413, 126, 190, 325, 477, 435, 131, 237, 433, 386, 224, 3, 388, 236, 312, 373, 106, 179, 27, 295, 48, 398, 78, 151, 287, 9, 245, 34, 254, 305, 90, 348, 229, 374, 412, 107, 44, 14, 20, 239, 122, 424, 90, 60, 332, 219, 47, 275, 233, 166, 29, 20, 2, 350, 277, 42, 350, 23, 140, 50, 186, 416, 447, 348, 56, 104, 217, 282, 252, 155, 218, 444, 90, 154, 466, 67, 402, 200, 375, 214, 190, 85, 336, 93, 462, 306, 240, 2, 60, 115, 190, 57, 64, 99, 456, 27, 468, 69, 263, 460, 9, 229, 178, 266, 327, 62, 40, 445, 281, 229, 121, 271, 243, 201, 13, 346, 187, 236, 8, 151, 456, 357, 246, 33, 287, 310, 282, 448, 406, 284, 258, 224, 6, 60, 357, 364, 97, 107, 162, 417, 428, 186, 71, 61, 388, 236, 449, 167, 69, 166, 247, 185, 185, 381, 217, 350, 383, 110, 393, 327, 335, 89, 401, 145, 22, 81, 182, 227, 117, 113, 179, 85, 138, 229, 342, 214, 467, 90, 280, 107, 329, 375, 105, 298, 282, 153, 228, 149, 424, 250, 287, 342, 370, 141, 227, 305, 82, 94, 82, 287, 69, 224, 413, 101, 18, 418, 71, 33, 103, 313, 352, 18, 219, 226, 454, 243, 97, 129, 347, 287, 359, 351, 179, 250, 129, 155, 327, 215, 460, 167, 116, 6, 236, 218, 275, 356, 367, 466, 159, 95, 40, 280, 418, 135, 162, 281, 145, 293, 88, 169, 386, 262, 456, 381, 64, 6, 325, 61, 190, 202, 168, 224, 265, 202, 64, 70, 112, 121, 339, 90, 397, 349, 338, 271, 240, 50, 242, 43, 338, 350, 326, 56, 64, 89, 153, 349, 456, 261, 76, 91, 117, 313, 64, 415, 90, 34, 91, 13, 111, 33, 365, 425, 275, 442, 162, 161, 107, 192, 239, 147, 77, 94, 144, 468, 190, 52, 236, 37, 40, 66, 187, 79, 106, 161, 177, 224, 395, 329, 368, 304, 429, 332, 40, 42, 53, 115, 400, 48, 145, 245, 11, 149, 302, 282, 468, 61, 192, 242, 202, 170, 3, 31, 45, 69, 305, 143, 400, 48, 149, 255, 24, 127, 371, 349, 260, 214, 88, 273, 127, 429, 73, 271, 442, 215, 8, 47, 51, 351, 53, 471, 134, 442, 361, 129, 32, 58, 223, 281, 186, 192, 153, 124, 13, 299, 140, 103, 24, 167, 161, 354, 71, 177, 424, 234, 41, 201, 144, 270, 347, 345, 242, 214, 380, 40, 456, 69, 316, 307, 140, 297, 8, 466, 282, 289, 164, 71, 468, 275, 151, 100, 465, 190, 446, 349, 434, 176, 78, 328, 443, 275, 71, 327, 361, 345, 310, 122, 280, 256, 275, 166, 118, 380, 100, 393, 463, 261, 250, 37, 359, 250, 167, 395, 236, 85, 174, 120, 171, 299, 391, 61, 345, 11, 51, 373, 239, 199, 190, 140, 467, 112, 118, 127, 92, 182, 404, 321, 47, 100, 130, 175, 396, 393, 356, 370, 243, 218, 135, 439, 289, 380, 84, 123, 26, 286, 22, 280, 49, 85, 280, 43, 64, 27, 236, 463, 469, 322, 85, 187, 273, 255, 102, 175, 175, 95, 270, 186, 406, 148, 444, 42, 161, 200, 49, 16, 107, 419, 386, 89, 175, 426, 168, 175, 154, 416, 168, 415, 111, 118, 6, 190, 267, 9, 214, 214, 71, 361, 307, 257, 87, 112, 58, 386, 18, 20, 310, 107, 60, 267, 406, 212, 368, 223, 18, 348, 250, 423, 140, 262, 151, 231, 173, 299, 366, 393, 418, 175, 419, 477, 342, 174, 103, 475, 426, 224, 243, 464, 106, 402, 222, 128, 8, 149, 121, 124, 93, 386, 397, 20, 7, 20, 240, 195, 418, 433, 176, 262, 383, 155, 40, 361, 153, 167, 380, 36, 397, 35, 286, 449, 209, 324, 103, 3, 98, 381, 201, 60, 23, 239, 287, 36, 40, 240, 68, 264, 31, 121, 199, 84, 71, 396, 137, 324, 202, 418, 388, 178, 202, 179, 237, 149, 84, 351, 448, 400, 401, 288, 383, 78, 305, 161, 3, 297, 400, 360, 135, 26, 122, 318, 471, 47, 250, 168, 20, 369, 48, 250, 121, 466, 302, 282, 22, 85, 24, 370, 402, 433, 75, 27, 267, 63, 161, 444, 214, 385, 321, 145, 386, 439, 281, 299, 189, 222, 248, 374, 368, 97, 56, 237, 26, 27, 214, 25, 413, 384, 183, 86, 431, 306, 359, 365, 176, 124, 112, 103, 463, 137, 388, 306, 179, 96, 388, 356, 161, 336, 373, 87, 81, 325, 51, 102, 295, 220, 239, 327, 317, 237, 335, 337, 338, 163, 283, 265, 9, 374, 202, 237, 2, 199, 255, 413, 52, 424, 84, 426, 326, 198, 67, 454, 439, 38, 286, 153, 338, 468, 170, 69, 265, 205, 265, 9, 413, 135, 447, 20, 349, 11, 452, 468, 2, 226, 27, 329, 287, 275, 211, 58, 337, 307, 27, 95, 455, 114, 391, 390, 405, 40, 217, 299, 287, 191, 315, 128, 407, 377, 132, 190, 448, 179, 250, 212, 350, 429, 452, 39, 24, 158, 468, 69, 68, 464, 174, 50, 7, 148, 321, 404, 327, 332, 283, 178, 103, 185, 387, 358, 112, 118, 254, 26, 92, 27, 124, 362, 219, 107, 3, 107, 287, 391, 240, 369, 42, 136, 429, 114, 473, 306, 396, 27, 429, 424, 252, 186, 441, 327, 100, 359, 380, 197, 307, 208, 81, 145, 362, 168, 47, 204, 93, 216, 227, 48, 67, 6, 413, 458, 126, 179, 247, 351, 383, 43, 280, 370, 97, 169, 404, 418, 169, 19, 393, 183, 381, 68, 148, 256, 3, 81, 310, 401, 241, 27, 190, 214, 27, 140, 345, 453, 192, 147, 90, 134, 124, 284, 71, 460, 390, 248, 418, 190, 348, 264, 67, 85, 208, 415, 124, 318, 133, 82, 70, 475, 433, 434, 96, 256, 117, 267, 81, 11, 116, 95, 391, 413, 283, 287, 179, 328, 467, 169, 197, 244, 463, 39, 380, 186, 36, 51, 141, 327, 62, 66, 452, 91, 302, 202, 20, 370, 85, 281, 96, 31, 413, 444, 306, 424, 467, 8, 211, 418, 417, 250, 121, 299, 60, 6, 39, 329, 243, 396, 366, 280, 393, 189, 133, 328, 300, 185, 32, 446, 98, 396, 275, 33, 326, 14, 234, 362, 316, 191, 246, 100, 317, 78, 466, 445, 6, 427, 202, 411, 187, 381, 373, 310, 132, 122, 330, 53, 393, 62, 6, 81, 243, 36, 154, 49, 286, 112, 114, 143, 18, 406, 240, 374, 237, 441, 459, 139, 20, 337, 96, 32, 413, 155, 413, 366, 64, 361, 27, 283, 97, 211, 187, 8, 69, 164, 20, 40, 390, 104, 20, 179, 198, 6, 140, 382, 126, 124, 11, 439, 429, 31, 179, 358, 170, 370, 301, 298, 224, 95, 162, 458, 62, 185, 190, 73, 369, 229, 215, 366, 247, 310, 459, 70, 41, 375, 115, 236, 20, 71, 20, 62, 174, 148, 417, 282, 67, 101, 295, 226, 207, 236, 243, 7, 65, 418, 400, 413, 276, 243, 244, 138, 36, 375, 70, 91, 27, 382, 198, 155, 226, 267, 70, 85, 297, 179, 2, 429, 251, 2, 328, 391, 201, 10, 234, 424, 140, 396, 158, 326, 393, 147, 48, 355, 310, 445, 445, 214, 462, 145, 345, 101, 338, 467, 444, 22, 35, 368, 78, 207, 200, 275, 450, 345, 258, 464, 435, 29, 373, 138, 362, 426, 191, 326, 120, 354, 313, 225, 40, 88, 26, 275, 446, 40, 214, 49, 67, 16, 277, 93, 149, 126, 126, 20, 112, 297, 281, 174, 283, 291, 263, 412, 126, 93, 442, 109, 444, 313, 264, 405, 430, 57, 190, 322, 396, 217, 64, 49, 338, 60, 374, 439, 85, 446, 384, 129, 85, 81, 406, 384, 322, 126, 280, 138, 415, 107, 70, 310, 385, 202, 60, 470, 69, 214, 349, 126, 76, 444, 35, 84, 397, 179, 166, 471, 98, 452, 90, 35, 145, 429, 329, 195, 69, 105, 11, 104, 85, 307, 472, 186, 252, 445, 456, 266, 34, 113, 306, 145, 446, 326, 92, 398, 324, 110, 158, 185, 423, 200, 243, 64, 387, 198, 56, 190, 287, 374, 192, 158, 418, 317, 45, 220, 32, 373, 45, 181, 329, 14, 85, 155, 295, 428, 75, 218, 43, 178, 159, 442, 198, 155, 39, 348, 200, 348, 370, 415, 71, 158, 339, 138, 260, 459, 325, 200, 93, 234, 362, 381, 224, 168, 124, 6, 49, 298, 119, 112, 403, 456, 118, 280, 381, 6, 190, 90, 330, 133, 313, 404, 116, 97, 463, 121, 177, 468, 236, 190, 239, 16, 286, 276, 384, 210, 429, 73, 104, 77, 231, 214, 119, 40, 69, 47, 287, 392, 255, 307, 223, 43, 224, 135, 413, 460, 409, 370, 307, 179, 381, 452, 424, 288, 233, 25, 280, 236, 463, 71, 209, 383, 405, 50, 166, 223, 381, 416, 81, 326, 60, 158, 71, 124, 428, 307, 182, 180, 163, 288, 190, 323, 82, 20, 229, 24, 47, 422, 36, 223, 149, 179, 2, 107, 196, 226, 81, 250, 163, 40, 316, 365, 276, 81, 105, 43, 275, 444, 76, 422, 276, 159, 48, 320, 51, 273, 190, 445, 156, 88, 214, 381, 85, 373, 115, 112, 145, 391, 70, 317, 18, 326, 39, 396, 466, 142, 132, 370, 51, 425, 190, 129, 439, 90, 393, 154, 106, 162, 85, 345, 3, 325, 115, 429, 262, 473, 16, 381, 250, 129, 120, 13, 116, 273, 288, 255, 465, 97, 133, 462, 18, 21, 284, 256, 239, 115, 351, 111, 304, 190, 237, 393, 297, 246, 27, 265, 190, 365, 149, 27, 116, 23, 310, 8, 250, 47, 195, 153, 191, 313, 280, 9, 96, 