K <- 50
N <- 3870
player2 <-
c(410, 110, 81, 456, 34, 162, 261, 85, 34, 225, 266, 278, 14, 380, 395, 452, 452, 137, 6, 20, 201, 97, 132, 174, 199, 282, 205, 81, 258, 386, 114, 209, 97, 71, 233, 9, 313, 413, 236, 456, 145, 45, 262, 384, 103, 27, 287, 167, 51, 396, 85, 352, 393, 429, 466, 387, 240, 116, 212, 345, 187, 195, 155, 128, 74, 260, 429, 452, 174, 20, 192, 263, 225, 101, 204, 20, 208, 287, 401, 45, 90, 138, 169, 182, 297, 121, 124, 32, 264, 468, 214, 78, 402, 375, 159, 119, 275, 103, 21, 218, 330, 33, 240, 3, 398, 26, 178, 239, 276, 325, 456, 351, 190, 275, 61, 82, 266, 327, 145, 85, 471, 286, 18, 250, 460, 418, 43, 357, 368, 40, 115, 273, 138, 162, 185, 418, 406, 154, 273, 396, 226, 316, 302, 306, 433, 471, 6, 348, 190, 144, 321, 53, 391, 265, 263, 318, 90, 168, 9, 29, 215, 47, 49, 103, 120, 226, 327, 448, 362, 406, 8, 122, 396, 330, 207, 361, 116, 22, 48, 78, 123, 471, 468, 252, 380, 415, 140, 3, 350, 338, 396, 199, 126, 43, 98, 179, 214, 96, 316, 61, 336, 267, 240, 265, 419, 115, 14, 189, 43, 278, 111, 158, 7, 444, 204, 366, 207, 85, 250, 164, 387, 133, 69, 161, 169, 70, 16, 395, 179, 128, 113, 125, 439, 267, 145, 433, 317, 456, 168, 71, 246, 297, 39, 103, 146, 47, 191, 317, 186, 327, 267, 27, 49, 250, 180, 90, 415, 424, 214, 124, 226, 349, 96, 5, 421, 20, 200, 243, 460, 42, 174, 220, 111, 40, 41, 164, 362, 118, 359, 27, 446, 380, 339, 107, 307, 44, 116, 42, 280, 236, 460, 47, 145, 90, 33, 446, 395, 158, 67, 97, 261, 273, 122, 361, 143, 169, 27, 214, 24, 139, 130, 161, 276, 393, 161, 93, 168, 327, 58, 421, 463, 112, 27, 164, 140, 71, 327, 442, 62, 422, 26, 305, 79, 118, 397, 45, 104, 348, 69, 81, 267, 419, 198, 472, 27, 190, 368, 302, 424, 88, 225, 48, 64, 103, 31, 261, 169, 466, 460, 307, 329, 96, 129, 342, 95, 275, 229, 39, 241, 198, 73, 258, 101, 85, 287, 107, 204, 276, 190, 112, 299, 303, 178, 370, 57, 370, 326, 148, 214, 174, 74, 27, 216, 265, 176, 51, 477, 99, 278, 91, 190, 39, 284, 330, 205, 287, 214, 327, 3, 418, 287, 424, 237, 179, 475, 383, 158, 107, 444, 282, 428, 342, 158, 179, 324, 343, 297, 442, 375, 307, 78, 64, 370, 95, 366, 444, 308, 367, 384, 286, 94, 97, 330, 227, 255, 322, 236, 278, 25, 165, 2, 81, 190, 162, 98, 415, 201, 100, 297, 56, 101, 413, 426, 166, 289, 351, 36, 190, 293, 217, 243, 106, 365, 85, 78, 281, 156, 115, 243, 64, 198, 247, 219, 248, 47, 225, 368, 246, 381, 114, 462, 255, 258, 239, 60, 441, 141, 282, 390, 435, 177, 99, 348, 302, 51, 6, 48, 85, 3, 400, 101, 89, 227, 234, 107, 380, 315, 287, 364, 229, 448, 33, 424, 452, 47, 317, 190, 102, 141, 8, 289, 416, 323, 333, 11, 112, 396, 401, 328, 211, 82, 149, 381, 287, 276, 133, 32, 48, 110, 201, 306, 250, 161, 291, 326, 60, 190, 306, 475, 370, 426, 295, 155, 49, 190, 326, 151, 297, 247, 310, 402, 71, 313, 137, 43, 87, 87, 240, 67, 115, 452, 242, 208, 89, 223, 245, 55, 370, 417, 39, 158, 118, 6, 124, 70, 151, 321, 281, 318, 5, 39, 214, 47, 326, 222, 124, 436, 471, 103, 140, 167, 69, 58, 136, 445, 112, 97, 313, 153, 208, 115, 139, 71, 112, 70, 321, 307, 250, 381, 222, 233, 156, 422, 81, 196, 36, 23, 372, 89, 40, 293, 417, 223, 194, 439, 129, 267, 468, 60, 68, 149, 351, 126, 145, 95, 175, 48, 442, 281, 95, 18, 57, 118, 433, 447, 441, 260, 373, 148, 305, 214, 234, 155, 39, 312, 335, 96, 244, 426, 93, 224, 127, 126, 42, 327, 419, 180, 384, 260, 373, 36, 239, 280, 439, 112, 13, 168, 202, 439, 8, 327, 27, 161, 121, 119, 237, 119, 281, 129, 43, 209, 132, 348, 29, 328, 390, 77, 250, 468, 64, 281, 124, 6, 386, 96, 118, 51, 375, 156, 76, 394, 31, 304, 378, 467, 33, 198, 181, 446, 49, 81, 95, 166, 370, 181, 247, 392, 424, 329, 147, 161, 90, 111, 224, 275, 145, 297, 190, 357, 179, 154, 220, 327, 147, 367, 82, 56, 393, 310, 70, 39, 422, 35, 105, 47, 311, 46, 345, 275, 6, 243, 124, 337, 224, 271, 95, 71, 191, 24, 2, 370, 416, 12, 189, 330, 316, 428, 214, 75, 284, 70, 161, 68, 202, 186, 89, 78, 53, 177, 255, 338, 207, 179, 104, 250, 59, 27, 229, 425, 267, 236, 23, 361, 471, 338, 472, 463, 251, 429, 58, 250, 11, 16, 31, 356, 13, 429, 20, 145, 278, 250, 261, 128, 236, 214, 413, 287, 141, 281, 78, 328, 257, 426, 461, 40, 335, 201, 424, 391, 359, 449, 116, 62, 243, 225, 265, 200, 98, 34, 51, 264, 423, 76, 305, 168, 7, 40, 395, 286, 470, 116, 226, 284, 121, 227, 282, 71, 162, 381, 289, 192, 456, 223, 265, 463, 187, 441, 307, 7, 6, 358, 49, 321, 214, 231, 463, 20, 60, 201, 288, 211, 302, 15, 175, 61, 168, 85, 165, 90, 40, 190, 415, 381, 120, 13, 428, 330, 102, 416, 445, 177, 427, 51, 103, 95, 93, 287, 149, 124, 280, 65, 454, 73, 368, 60, 124, 126, 60, 265, 383, 309, 202, 402, 103, 6, 89, 11, 132, 40, 324, 247, 210, 454, 362, 18, 441, 391, 162, 365, 456, 214, 391, 287, 400, 218, 468, 224, 403, 386, 58, 361, 124, 298, 246, 151, 22, 149, 340, 174, 328, 370, 179, 254, 99, 51, 91, 190, 450, 26, 342, 283, 106, 362, 141, 390, 130, 121, 227, 86, 466, 358, 47, 188, 14, 250, 249, 217, 250, 149, 9, 357, 93, 418, 212, 382, 207, 386, 307, 101, 421, 62, 82, 450, 88, 307, 13, 223, 140, 472, 255, 103, 305, 417, 40, 282, 324, 78, 135, 141, 351, 217, 336, 373, 447, 155, 171, 96, 27, 30, 199, 150, 387, 366, 398, 465, 220, 120, 418, 3, 90, 406, 113, 133, 32, 310, 435, 40, 227, 297, 349, 151, 236, 306, 214, 155, 191, 7, 27, 400, 445, 223, 245, 327, 85, 127, 462, 239, 87, 224, 48, 67, 90, 327, 383, 13, 473, 232, 101, 206, 333, 156, 374, 266, 66, 129, 192, 299, 318, 239, 326, 198, 284, 448, 13, 275, 18, 3, 68, 43, 369, 386, 243, 189, 239, 226, 7, 6, 199, 275, 260, 23, 2, 299, 166, 60, 186, 328, 69, 347, 243, 62, 102, 428, 69, 327, 246, 250, 149, 326, 124, 154, 36, 186, 351, 167, 400, 69, 102, 318, 275, 247, 321, 426, 442, 361, 418, 200, 401, 26, 255, 393, 445, 255, 64, 422, 195, 92, 85, 189, 467, 322, 166, 329, 446, 402, 381, 401, 89, 262, 115, 345, 288, 313, 4, 216, 463, 171, 164, 239, 454, 149, 322, 149, 275, 275, 47, 436, 192, 217, 40, 158, 90, 159, 33, 27, 39, 51, 58, 477, 473, 103, 275, 313, 422, 151, 273, 129, 201, 22, 445, 286, 325, 118, 381, 7, 32, 310, 447, 335, 293, 3, 299, 358, 2, 185, 245, 217, 20, 171, 78, 339, 70, 153, 406, 190, 429, 78, 250, 145, 122, 460, 217, 416, 250, 130, 418, 381, 462, 400, 140, 388, 466, 163, 450, 383, 140, 428, 43, 425, 273, 116, 85, 164, 62, 129, 97, 297, 71, 63, 429, 364, 46, 347, 302, 178, 11, 270, 250, 128, 128, 7, 307, 22, 190, 75, 123, 107, 409, 11, 40, 386, 433, 215, 295, 66, 47, 387, 391, 169, 249, 418, 450, 225, 401, 3, 264, 190, 325, 415, 265, 400, 122, 324, 446, 267, 327, 333, 276, 40, 364, 202, 153, 416, 354, 287, 330, 186, 323, 383, 418, 158, 179, 147, 153, 321, 134, 348, 175, 372, 211, 337, 112, 444, 85, 214, 330, 345, 23, 248, 324, 113, 467, 137, 406, 292, 198, 370, 98, 256, 418, 81, 149, 3, 69, 463, 282, 236, 112, 388, 70, 175, 236, 198, 135, 247, 471, 310, 439, 190, 140, 433, 26, 305, 65, 393, 444, 218, 460, 416, 13, 315, 9, 203, 354, 6, 49, 202, 216, 111, 19, 317, 214, 9, 380, 50, 201, 91, 444, 87, 36, 322, 98, 327, 116, 9, 328, 90, 236, 212, 69, 23, 247, 415, 471, 41, 145, 178, 444, 107, 90, 190, 152, 240, 465, 19, 342, 220, 351, 38, 85, 396, 88, 321, 208, 299, 444, 471, 413, 432, 37, 416, 347, 27, 179, 19, 280, 62, 288, 264, 63, 49, 444, 100, 227, 9, 359, 456, 267, 43, 297, 3, 365, 170, 360, 424, 190, 332, 191, 445, 226, 97, 22, 158, 138, 17, 166, 445, 47, 472, 27, 393, 218, 96, 252, 56, 226, 348, 121, 375, 77, 390, 116, 261, 326, 2, 373, 442, 397, 120, 40, 460, 227, 90, 434, 343, 216, 40, 147, 2, 167, 155, 283, 368, 470, 458, 151, 196, 342, 252, 362, 233, 250, 93, 250, 250, 2, 154, 84, 436, 173, 154, 298, 441, 223, 263, 8, 149, 357, 63, 413, 278, 417, 342, 250, 60, 468, 158, 96, 278, 239, 325, 200, 400, 413, 229, 287, 207, 65, 38, 11, 282, 479, 445, 397, 363, 350, 138, 284, 81, 122, 342, 336, 446, 169, 430, 96, 64, 459, 445, 103, 345, 262, 18, 227, 446, 449, 243, 90, 107, 71, 190, 267, 174, 162, 316, 431, 180, 85, 49, 16, 347, 329, 65, 381, 404, 115, 103, 192, 419, 438, 153, 404, 248, 444, 447, 202, 406, 51, 329, 113, 197, 224, 349, 307, 446, 361, 129, 439, 116, 191, 214, 211, 126, 287, 307, 456, 387, 166, 405, 202, 61, 145, 273, 175, 90, 227, 