K <- 50
N <- 3870
player2 <-
c(393, 114, 39, 281, 422, 70, 85, 459, 58, 258, 65, 202, 444, 247, 33, 202, 326, 286, 26, 398, 36, 332, 26, 401, 6, 245, 264, 187, 8, 234, 93, 349, 226, 177, 176, 415, 215, 441, 201, 463, 468, 149, 219, 185, 315, 9, 390, 122, 120, 6, 223, 455, 129, 22, 51, 105, 248, 16, 190, 38, 187, 106, 190, 112, 422, 90, 85, 393, 121, 266, 175, 97, 227, 310, 293, 337, 187, 71, 198, 112, 287, 445, 240, 100, 467, 56, 328, 36, 169, 115, 389, 82, 435, 124, 457, 200, 320, 190, 400, 138, 30, 214, 477, 112, 428, 190, 79, 307, 364, 112, 115, 462, 413, 287, 65, 306, 295, 190, 43, 124, 132, 358, 90, 164, 107, 462, 58, 189, 348, 416, 119, 70, 336, 136, 176, 105, 349, 424, 18, 219, 452, 421, 247, 51, 267, 269, 186, 214, 6, 380, 338, 102, 214, 479, 141, 250, 143, 354, 256, 60, 291, 339, 154, 426, 65, 286, 69, 402, 275, 130, 141, 445, 35, 275, 217, 128, 121, 13, 250, 393, 3, 307, 122, 8, 49, 70, 370, 117, 117, 309, 93, 472, 192, 367, 214, 446, 446, 456, 202, 192, 273, 451, 423, 96, 445, 146, 252, 420, 103, 278, 401, 375, 236, 53, 406, 280, 441, 227, 313, 114, 415, 40, 202, 27, 328, 165, 305, 286, 22, 327, 306, 310, 281, 70, 62, 36, 47, 265, 198, 53, 141, 118, 140, 439, 11, 147, 419, 375, 85, 430, 190, 81, 92, 403, 18, 378, 356, 138, 167, 42, 16, 66, 391, 177, 239, 234, 69, 196, 313, 189, 386, 299, 121, 374, 149, 401, 284, 65, 168, 415, 337, 306, 178, 463, 191, 3, 316, 424, 224, 227, 42, 236, 93, 413, 439, 386, 227, 246, 200, 130, 8, 2, 255, 255, 381, 81, 339, 466, 227, 464, 68, 382, 369, 317, 403, 138, 168, 366, 32, 174, 273, 396, 321, 252, 322, 453, 149, 107, 456, 201, 369, 337, 171, 98, 239, 6, 120, 417, 174, 150, 246, 393, 103, 258, 114, 42, 278, 275, 63, 138, 34, 263, 362, 8, 218, 215, 112, 33, 120, 287, 129, 20, 174, 236, 446, 366, 126, 348, 359, 47, 211, 224, 234, 342, 186, 366, 373, 413, 107, 252, 126, 73, 151, 40, 446, 472, 383, 78, 16, 13, 126, 162, 227, 166, 393, 22, 462, 158, 112, 127, 168, 391, 426, 208, 90, 358, 287, 145, 446, 111, 351, 322, 171, 461, 456, 471, 282, 90, 85, 140, 385, 375, 24, 288, 388, 264, 247, 227, 278, 133, 304, 261, 424, 128, 32, 324, 276, 22, 159, 76, 236, 85, 401, 316, 62, 154, 309, 102, 145, 397, 287, 397, 220, 422, 328, 327, 250, 261, 179, 120, 447, 139, 370, 103, 228, 394, 280, 286, 305, 27, 332, 237, 218, 211, 254, 142, 66, 255, 37, 305, 96, 134, 69, 318, 186, 85, 16, 113, 140, 386, 165, 245, 121, 445, 185, 275, 27, 84, 177, 167, 256, 92, 287, 391, 60, 227, 465, 307, 85, 349, 445, 245, 6, 467, 190, 393, 198, 24, 250, 365, 24, 287, 223, 14, 13, 8, 166, 195, 105, 324, 143, 396, 400, 381, 208, 67, 250, 8, 11, 403, 6, 280, 233, 197, 317, 168, 159, 187, 250, 413, 460, 87, 250, 303, 193, 99, 433, 261, 164, 214, 171, 111, 81, 115, 362, 223, 223, 424, 418, 220, 26, 365, 132, 195, 53, 116, 207, 179, 405, 276, 289, 17, 92, 40, 81, 167, 466, 90, 125, 325, 43, 335, 237, 444, 101, 262, 386, 102, 322, 149, 20, 247, 306, 425, 199, 102, 347, 400, 416, 460, 174, 148, 51, 356, 161, 425, 239, 286, 122, 144, 444, 56, 190, 381, 174, 273, 49, 315, 311, 27, 350, 40, 128, 310, 149, 8, 147, 202, 22, 287, 397, 397, 14, 265, 85, 236, 49, 456, 111, 126, 214, 424, 330, 373, 381, 112, 220, 265, 254, 347, 254, 138, 158, 223, 425, 99, 329, 161, 7, 315, 467, 380, 337, 2, 387, 141, 313, 190, 364, 342, 90, 322, 250, 99, 16, 27, 2, 192, 336, 120, 242, 88, 359, 418, 18, 186, 177, 40, 312, 413, 327, 62, 351, 221, 419, 97, 271, 240, 250, 310, 103, 186, 27, 287, 192, 326, 448, 81, 179, 143, 342, 400, 85, 70, 70, 137, 112, 212, 348, 277, 177, 226, 247, 124, 20, 251, 153, 124, 90, 114, 47, 127, 47, 118, 112, 40, 373, 89, 95, 430, 101, 81, 95, 40, 124, 198, 144, 326, 190, 158, 280, 113, 75, 122, 169, 145, 31, 43, 357, 200, 111, 383, 43, 154, 32, 214, 384, 6, 85, 125, 351, 195, 415, 370, 358, 288, 229, 321, 322, 401, 267, 201, 456, 267, 383, 456, 81, 195, 316, 273, 333, 366, 62, 405, 250, 95, 107, 418, 330, 423, 75, 45, 275, 276, 183, 237, 367, 460, 51, 395, 173, 229, 138, 327, 467, 318, 124, 439, 351, 362, 359, 161, 192, 391, 324, 78, 71, 444, 313, 333, 448, 370, 229, 400, 329, 179, 218, 449, 65, 310, 162, 41, 445, 442, 173, 327, 187, 391, 428, 446, 387, 167, 42, 337, 251, 113, 275, 261, 243, 282, 246, 307, 448, 27, 252, 51, 227, 153, 306, 242, 195, 214, 291, 3, 43, 424, 39, 466, 420, 49, 10, 324, 11, 18, 70, 103, 418, 326, 9, 402, 316, 11, 71, 386, 134, 148, 293, 85, 18, 317, 288, 250, 2, 442, 64, 429, 380, 266, 444, 78, 176, 114, 323, 267, 115, 325, 81, 98, 101, 429, 267, 249, 85, 462, 365, 53, 424, 27, 337, 249, 94, 307, 22, 40, 466, 206, 418, 47, 101, 323, 39, 11, 128, 190, 348, 381, 141, 102, 84, 426, 74, 273, 375, 195, 436, 93, 129, 439, 326, 110, 282, 310, 47, 284, 193, 224, 52, 418, 170, 237, 7, 138, 197, 313, 220, 413, 319, 167, 237, 359, 119, 20, 282, 137, 261, 428, 49, 421, 456, 250, 237, 435, 233, 375, 138, 275, 254, 286, 252, 3, 75, 433, 311, 329, 190, 366, 60, 467, 201, 140, 51, 469, 127, 250, 413, 158, 299, 242, 243, 81, 71, 458, 395, 73, 313, 337, 217, 381, 395, 348, 425, 250, 239, 446, 82, 2, 224, 356, 391, 445, 13, 234, 204, 96, 297, 170, 204, 207, 386, 64, 271, 271, 278, 424, 443, 413, 329, 214, 309, 354, 255, 107, 361, 107, 40, 214, 130, 227, 466, 60, 447, 96, 242, 47, 463, 180, 198, 265, 364, 468, 191, 393, 115, 390, 444, 375, 81, 431, 287, 444, 395, 230, 190, 456, 33, 65, 48, 335, 33, 245, 76, 27, 91, 242, 11, 35, 406, 32, 95, 24, 282, 106, 6, 227, 395, 281, 372, 155, 64, 64, 142, 41, 362, 34, 246, 116, 190, 326, 383, 186, 287, 247, 78, 258, 140, 85, 199, 412, 465, 411, 262, 417, 156, 97, 386, 455, 250, 460, 466, 352, 380, 47, 63, 151, 27, 289, 190, 60, 359, 282, 258, 195, 107, 328, 202, 234, 406, 18, 124, 161, 287, 179, 441, 153, 336, 111, 224, 70, 153, 50, 198, 434, 88, 208, 112, 143, 445, 471, 39, 93, 263, 69, 70, 418, 223, 451, 455, 329, 11, 218, 32, 226, 446, 81, 261, 23, 190, 391, 267, 67, 2, 393, 212, 189, 201, 281, 183, 10, 415, 23, 85, 9, 228, 34, 167, 243, 84, 310, 147, 115, 370, 280, 404, 398, 92, 330, 325, 325, 234, 280, 69, 36, 299, 382, 118, 267, 388, 25, 124, 39, 112, 418, 71, 243, 126, 273, 183, 165, 287, 397, 155, 198, 302, 94, 281, 327, 321, 145, 137, 123, 281, 190, 4, 49, 429, 190, 280, 339, 373, 297, 404, 155, 396, 73, 415, 65, 429, 22, 181, 49, 393, 48, 133, 153, 247, 95, 22, 33, 327, 197, 60, 116, 473, 85, 426, 278, 459, 295, 64, 239, 273, 167, 170, 302, 240, 158, 43, 255, 37, 100, 374, 413, 429, 265, 111, 229, 176, 342, 75, 361, 340, 6, 226, 118, 190, 96, 335, 288, 100, 382, 92, 195, 47, 305, 214, 257, 381, 36, 73, 466, 373, 91, 468, 179, 322, 309, 110, 387, 348, 190, 348, 115, 262, 53, 370, 310, 252, 351, 130, 317, 12, 386, 397, 93, 426, 162, 25, 324, 442, 244, 278, 167, 299, 224, 471, 434, 124, 171, 90, 103, 173, 191, 245, 51, 357, 250, 402, 187, 403, 170, 87, 202, 391, 58, 88, 266, 304, 3, 316, 105, 329, 78, 313, 313, 369, 45, 302, 386, 271, 122, 267, 48, 199, 298, 323, 196, 126, 51, 361, 18, 8, 147, 201, 282, 288, 14, 446, 463, 255, 330, 96, 50, 99, 58, 57, 319, 173, 90, 197, 411, 423, 190, 58, 342, 299, 200, 169, 370, 63, 2, 27, 3, 174, 467, 236, 155, 148, 60, 370, 138, 139, 176, 89, 51, 327, 107, 427, 40, 391, 462, 421, 227, 43, 84, 289, 305, 466, 80, 430, 186, 27, 127, 23, 370, 191, 47, 456, 69, 260, 94, 387, 275, 92, 195, 422, 69, 164, 20, 363, 97, 316, 6, 383, 264, 423, 58, 428, 342, 434, 142, 329, 45, 287, 2, 212, 191, 98, 415, 48, 39, 187, 211, 158, 2, 444, 26, 362, 237, 40, 347, 149, 463, 380, 280, 124, 266, 441, 2, 119, 250, 287, 325, 459, 338, 325, 122, 40, 299, 463, 386, 156, 145, 139, 418, 276, 78, 381, 71, 211, 368, 299, 58, 20, 444, 470, 25, 315, 305, 282, 375, 395, 85, 26, 120, 169, 296, 47, 448, 425, 288, 265, 11, 393, 161, 450, 340, 87, 138, 419, 262, 445, 417, 246, 3, 356, 401, 60, 421, 81, 103, 71, 126, 222, 110, 190, 267, 473, 352, 243, 11, 255, 293, 149, 286, 61, 445, 47, 179, 310, 387, 402, 11, 53, 327, 307, 20, 214, 305, 112, 126, 427, 121, 381, 191, 177, 397, 222, 220, 445, 103, 433, 332, 5, 3, 99, 270, 444, 134, 260, 243, 174, 372, 90, 71, 405, 449, 421, 214, 387, 400, 338, 67,