K <- 50
N <- 3870
player2 <-
c(467, 216, 190, 34, 186, 416, 413, 39, 368, 190, 212, 423, 121, 318, 468, 31, 381, 193, 318, 250, 48, 20, 391, 316, 68, 112, 297, 70, 313, 326, 287, 40, 51, 90, 452, 425, 191, 223, 125, 411, 150, 145, 403, 293, 263, 326, 236, 48, 406, 452, 29, 214, 134, 118, 187, 167, 71, 403, 345, 315, 103, 339, 477, 252, 104, 24, 393, 208, 445, 240, 133, 426, 444, 313, 190, 467, 40, 254, 177, 145, 444, 106, 174, 200, 196, 413, 6, 159, 430, 81, 261, 262, 7, 446, 326, 424, 416, 400, 109, 110, 87, 88, 96, 446, 147, 263, 397, 26, 334, 121, 466, 449, 13, 201, 226, 66, 66, 71, 207, 128, 107, 365, 138, 434, 70, 155, 237, 336, 356, 164, 20, 26, 136, 307, 43, 250, 48, 330, 266, 330, 306, 345, 65, 158, 261, 370, 121, 212, 141, 393, 380, 232, 133, 248, 317, 121, 32, 64, 51, 463, 358, 270, 458, 418, 342, 65, 429, 386, 424, 175, 23, 338, 446, 397, 111, 424, 280, 149, 324, 388, 284, 239, 149, 430, 375, 250, 328, 373, 71, 229, 190, 167, 327, 40, 226, 448, 234, 90, 20, 275, 282, 5, 91, 3, 324, 20, 60, 403, 255, 149, 243, 128, 429, 472, 328, 310, 209, 126, 220, 335, 20, 69, 262, 299, 316, 381, 276, 284, 270, 419, 158, 388, 299, 424, 124, 337, 6, 460, 143, 319, 337, 382, 468, 469, 217, 355, 282, 401, 288, 223, 297, 75, 192, 267, 201, 137, 264, 101, 84, 461, 88, 20, 190, 27, 95, 246, 11, 307, 95, 287, 273, 326, 155, 363, 441, 250, 287, 43, 383, 201, 161, 218, 391, 29, 8, 246, 327, 181, 324, 391, 192, 76, 335, 359, 138, 192, 445, 81, 199, 97, 366, 58, 23, 230, 190, 31, 110, 348, 49, 166, 282, 383, 38, 105, 214, 371, 299, 208, 200, 143, 412, 313, 261, 35, 18, 317, 313, 429, 155, 87, 395, 348, 42, 26, 316, 350, 327, 210, 95, 229, 442, 250, 27, 350, 250, 295, 95, 362, 407, 342, 111, 95, 364, 34, 249, 197, 327, 281, 281, 261, 466, 220, 282, 76, 321, 66, 395, 53, 382, 276, 441, 459, 3, 8, 126, 177, 103, 68, 234, 71, 333, 374, 197, 299, 287, 368, 460, 307, 9, 133, 51, 214, 81, 214, 113, 124, 386, 34, 43, 122, 345, 168, 339, 190, 18, 81, 451, 191, 139, 25, 181, 147, 305, 442, 60, 49, 186, 97, 202, 406, 158, 472, 304, 56, 240, 448, 64, 66, 88, 155, 376, 117, 170, 370, 35, 71, 37, 24, 358, 121, 293, 260, 323, 236, 278, 391, 324, 416, 84, 50, 313, 267, 381, 2, 141, 347, 42, 179, 99, 190, 328, 27, 325, 417, 60, 39, 93, 70, 327, 348, 475, 163, 265, 198, 381, 396, 445, 327, 263, 11, 362, 452, 36, 278, 302, 171, 393, 356, 164, 161, 77, 11, 63, 65, 280, 190, 418, 11, 298, 240, 36, 428, 332, 11, 460, 357, 289, 197, 236, 179, 419, 69, 309, 249, 116, 8, 449, 465, 226, 297, 2, 81, 239, 306, 444, 278, 102, 345, 256, 445, 265, 280, 3, 166, 246, 357, 64, 97, 6, 50, 275, 456, 43, 370, 60, 50, 301, 111, 477, 362, 351, 244, 70, 460, 419, 112, 442, 187, 127, 126, 64, 22, 416, 60, 247, 273, 330, 33, 126, 50, 395, 365, 445, 100, 96, 183, 468, 188, 140, 386, 16, 49, 138, 226, 419, 411, 181, 90, 120, 165, 139, 60, 100, 190, 222, 52, 183, 321, 201, 105, 179, 200, 145, 423, 250, 475, 126, 263, 305, 186, 8, 26, 466, 186, 247, 162, 439, 239, 26, 159, 324, 439, 419, 89, 158, 224, 378, 60, 138, 85, 78, 74, 105, 93, 262, 154, 227, 330, 316, 126, 391, 359, 223, 27, 116, 18, 167, 71, 36, 185, 361, 65, 286, 8, 39, 117, 200, 33, 35, 456, 49, 40, 187, 151, 225, 288, 82, 462, 384, 197, 222, 439, 265, 168, 372, 381, 22, 62, 88, 120, 9, 430, 78, 262, 207, 415, 406, 393, 383, 97, 168, 299, 151, 472, 81, 95, 170, 289, 404, 239, 321, 112, 11, 119, 293, 280, 416, 158, 47, 78, 348, 446, 444, 315, 257, 90, 250, 218, 428, 34, 287, 229, 129, 177, 441, 362, 435, 103, 291, 247, 240, 316, 416, 104, 448, 454, 121, 278, 357, 310, 140, 370, 391, 361, 455, 8, 447, 75, 304, 62, 281, 76, 216, 295, 26, 32, 264, 199, 147, 456, 92, 322, 250, 118, 352, 198, 156, 236, 6, 176, 178, 236, 20, 125, 129, 199, 464, 217, 390, 201, 424, 237, 71, 278, 2, 112, 18, 190, 206, 404, 195, 41, 460, 133, 169, 264, 327, 190, 190, 155, 62, 309, 375, 64, 47, 246, 306, 214, 349, 129, 177, 90, 255, 190, 418, 89, 60, 239, 70, 365, 27, 182, 388, 288, 287, 214, 257, 9, 91, 85, 155, 190, 329, 85, 136, 145, 45, 51, 359, 239, 100, 442, 81, 84, 210, 16, 8, 446, 110, 315, 78, 103, 366, 104, 410, 418, 316, 327, 229, 144, 53, 190, 425, 20, 273, 40, 71, 176, 39, 463, 236, 424, 226, 139, 138, 47, 311, 463, 464, 280, 258, 163, 16, 299, 53, 138, 304, 413, 342, 333, 456, 124, 164, 11, 53, 237, 282, 423, 255, 132, 190, 465, 16, 289, 281, 156, 90, 90, 71, 40, 85, 179, 91, 236, 320, 404, 413, 67, 234, 295, 154, 307, 321, 48, 65, 386, 11, 325, 471, 239, 288, 255, 91, 391, 122, 171, 51, 370, 191, 140, 179, 90, 297, 227, 348, 13, 19, 220, 287, 281, 122, 459, 64, 27, 115, 116, 469, 393, 43, 214, 385, 190, 2, 112, 155, 47, 223, 107, 381, 45, 284, 297, 466, 67, 223, 275, 429, 329, 236, 236, 298, 168, 280, 96, 281, 65, 10, 107, 116, 6, 240, 162, 360, 120, 287, 406, 39, 376, 214, 429, 208, 400, 370, 424, 350, 275, 112, 93, 25, 73, 342, 366, 39, 49, 14, 446, 191, 165, 275, 337, 202, 433, 153, 20, 70, 96, 293, 422, 98, 282, 132, 202, 92, 468, 167, 204, 226, 179, 336, 234, 164, 366, 419, 118, 365, 255, 11, 169, 393, 265, 242, 119, 463, 445, 22, 277, 186, 411, 93, 11, 366, 368, 6, 304, 97, 348, 393, 48, 63, 299, 375, 64, 138, 418, 227, 8, 167, 375, 148, 124, 81, 135, 418, 467, 398, 237, 182, 14, 278, 190, 149, 368, 348, 211, 348, 40, 113, 466, 33, 124, 419, 78, 7, 111, 193, 283, 132, 342, 217, 174, 368, 174, 312, 361, 191, 454, 243, 71, 118, 214, 402, 135, 179, 3, 3, 20, 142, 153, 384, 155, 426, 207, 362, 254, 409, 40, 3, 247, 281, 174, 112, 326, 405, 20, 8, 73, 390, 80, 260, 358, 11, 255, 190, 190, 451, 161, 442, 420, 463, 396, 22, 190, 85, 310, 52, 329, 198, 198, 467, 370, 170, 391, 384, 236, 168, 393, 307, 186, 85, 336, 100, 280, 434, 40, 100, 175, 380, 422, 245, 418, 286, 347, 202, 6, 220, 92, 400, 250, 142, 70, 338, 38, 70, 337, 239, 27, 247, 6, 166, 202, 388, 447, 202, 370, 331, 102, 332, 250, 214, 452, 179, 26, 149, 3, 428, 190, 402, 140, 71, 93, 264, 17, 162, 466, 295, 122, 164, 2, 164, 123, 450, 6, 190, 287, 202, 137, 302, 171, 362, 349, 393, 6, 49, 69, 60, 221, 85, 354, 145, 261, 22, 342, 107, 391, 442, 277, 167, 305, 173, 404, 91, 246, 112, 71, 248, 421, 90, 471, 413, 364, 430, 351, 295, 243, 214, 32, 224, 250, 307, 237, 311, 245, 176, 141, 138, 413, 306, 138, 161, 288, 214, 227, 271, 144, 445, 191, 89, 280, 9, 111, 250, 351, 90, 216, 222, 112, 22, 126, 166, 106, 130, 418, 70, 299, 48, 413, 3, 4, 151, 62, 11, 40, 333, 282, 234, 73, 169, 67, 151, 302, 287, 330, 321, 275, 90, 276, 271, 175, 381, 120, 19, 68, 10, 214, 332, 176, 11, 37, 41, 236, 405, 33, 119, 452, 82, 2, 325, 210, 8, 92, 126, 78, 258, 69, 261, 326, 141, 265, 193, 155, 97, 123, 239, 45, 385, 18, 85, 336, 456, 310, 214, 163, 339, 181, 307, 67, 387, 323, 40, 178, 441, 471, 61, 143, 444, 445, 275, 386, 151, 237, 280, 456, 439, 295, 384, 396, 214, 467, 417, 382, 347, 247, 211, 96, 400, 472, 48, 165, 316, 326, 442, 26, 22, 76, 58, 78, 39, 73, 133, 413, 456, 406, 126, 190, 370, 224, 358, 71, 453, 127, 207, 7, 302, 302, 310, 367, 14, 175, 201, 381, 175, 222, 239, 250, 326, 229, 62, 48, 60, 131, 58, 400, 186, 20, 94, 413, 400, 286, 186, 31, 418, 413, 307, 125, 466, 70, 154, 155, 354, 233, 450, 161, 398, 281, 90, 112, 82, 371, 111, 95, 93, 103, 243, 350, 174, 115, 12, 27, 84, 222, 75, 39, 200, 299, 227, 58, 347, 454, 315, 149, 267, 273, 190, 107, 195, 169, 185, 205, 112, 444, 435, 402, 224, 287, 284, 332, 3, 307, 50, 69, 145, 217, 349, 33, 22, 295, 346, 16, 140, 214, 39, 463, 122, 35, 441, 71, 248, 367, 153, 293, 145, 115, 23, 424, 192, 382, 390, 329, 333, 351, 396, 444, 224, 201, 166, 126, 38, 388, 94, 131, 146, 122, 398, 413, 212, 56, 236, 369, 40, 418, 295, 383, 281, 256, 101, 18, 393, 450, 142, 100, 288, 46, 92, 398, 149, 182, 168, 6, 345, 203, 226, 413, 139, 31, 255, 47, 220, 75, 2, 80, 96, 435, 16, 265, 113, 324, 452, 42, 223, 175, 227, 36, 295, 113, 335, 43, 454, 59, 167, 174, 339, 413, 413, 34, 250, 191, 16, 287, 116, 308, 336, 64, 280, 138, 82, 452, 58, 287, 330, 338, 190, 226, 13, 337, 64, 3, 43, 267, 23, 283, 468, 93, 227, 227, 375, 40, 267, 124, 262, 356, 348, 342, 405, 467, 143, 393, 187, 354,