K <- 50
N <- 3870
player2 <-
c(30, 27, 101, 175, 146, 393, 190, 469, 148, 20, 380, 53, 90, 214, 411, 6, 167, 380, 139, 391, 35, 112, 280, 424, 320, 461, 200, 299, 287, 233, 316, 243, 416, 309, 11, 24, 470, 189, 377, 250, 71, 397, 299, 444, 227, 85, 82, 40, 90, 237, 369, 383, 112, 326, 190, 202, 318, 121, 96, 120, 47, 381, 297, 248, 3, 339, 56, 23, 433, 275, 308, 267, 191, 396, 162, 2, 58, 19, 25, 267, 168, 210, 307, 53, 141, 126, 137, 214, 202, 103, 413, 327, 336, 364, 131, 176, 345, 281, 375, 287, 376, 413, 477, 258, 436, 280, 204, 58, 297, 267, 165, 196, 159, 345, 153, 307, 49, 381, 428, 198, 413, 168, 117, 191, 148, 70, 323, 115, 126, 260, 186, 445, 91, 459, 400, 199, 441, 2, 150, 226, 27, 299, 302, 107, 456, 295, 383, 384, 413, 61, 149, 16, 60, 195, 113, 51, 105, 73, 201, 11, 403, 50, 260, 467, 460, 93, 383, 456, 261, 229, 67, 428, 338, 310, 406, 456, 262, 153, 38, 39, 282, 149, 75, 317, 368, 452, 422, 243, 453, 101, 472, 315, 145, 354, 191, 239, 444, 53, 130, 70, 287, 325, 358, 357, 258, 40, 441, 158, 396, 43, 305, 11, 424, 313, 439, 466, 280, 179, 471, 391, 340, 207, 227, 288, 137, 413, 384, 6, 293, 275, 386, 207, 330, 332, 251, 287, 415, 145, 149, 112, 342, 129, 304, 329, 302, 329, 85, 413, 362, 247, 250, 226, 76, 216, 248, 16, 448, 177, 262, 183, 107, 470, 56, 6, 391, 47, 343, 190, 130, 190, 65, 48, 269, 20, 250, 7, 26, 234, 27, 302, 27, 316, 299, 32, 239, 393, 84, 278, 444, 189, 141, 85, 232, 2, 6, 425, 445, 113, 26, 26, 381, 250, 249, 325, 225, 186, 217, 190, 176, 85, 370, 375, 456, 342, 255, 18, 145, 34, 378, 456, 282, 317, 195, 255, 51, 236, 237, 42, 39, 151, 447, 125, 62, 71, 49, 466, 201, 113, 218, 145, 215, 365, 250, 221, 185, 275, 49, 387, 240, 193, 461, 76, 214, 181, 78, 463, 175, 6, 33, 133, 286, 348, 418, 27, 81, 347, 404, 383, 411, 225, 16, 329, 256, 327, 85, 342, 140, 373, 162, 64, 463, 138, 233, 316, 318, 201, 49, 39, 352, 383, 415, 261, 446, 287, 361, 239, 70, 163, 137, 472, 386, 214, 26, 168, 147, 232, 366, 439, 171, 406, 347, 26, 224, 438, 187, 8, 289, 183, 220, 81, 281, 6, 454, 24, 417, 22, 280, 452, 264, 313, 64, 95, 356, 468, 18, 14, 218, 95, 18, 350, 114, 128, 159, 89, 397, 3, 35, 106, 240, 112, 228, 445, 199, 114, 464, 102, 261, 245, 293, 96, 120, 299, 417, 309, 124, 39, 359, 185, 180, 239, 419, 99, 442, 24, 424, 206, 212, 191, 40, 255, 103, 339, 366, 365, 239, 295, 468, 15, 469, 229, 39, 118, 138, 219, 8, 385, 201, 3, 426, 64, 114, 355, 186, 325, 142, 112, 412, 118, 286, 176, 237, 321, 397, 112, 94, 32, 403, 48, 69, 112, 34, 149, 103, 26, 339, 257, 332, 197, 335, 216, 196, 280, 27, 212, 190, 419, 397, 166, 180, 82, 275, 107, 6, 352, 144, 71, 350, 68, 281, 191, 87, 27, 354, 247, 158, 85, 334, 288, 84, 326, 175, 190, 102, 20, 419, 33, 319, 289, 310, 92, 90, 444, 402, 424, 41, 168, 365, 391, 313, 138, 418, 444, 276, 218, 153, 374, 416, 403, 41, 177, 187, 47, 162, 382, 302, 419, 101, 261, 388, 433, 227, 154, 105, 446, 43, 216, 214, 239, 153, 26, 422, 418, 145, 426, 421, 179, 224, 224, 169, 161, 60, 361, 62, 190, 273, 287, 429, 101, 413, 327, 124, 343, 169, 244, 71, 254, 111, 170, 405, 106, 391, 197, 179, 105, 164, 211, 356, 13, 350, 311, 153, 226, 40, 62, 214, 380, 201, 386, 75, 58, 267, 5, 202, 348, 463, 427, 155, 149, 22, 197, 406, 161, 462, 174, 251, 323, 434, 214, 273, 267, 286, 348, 81, 471, 330, 249, 418, 386, 81, 348, 278, 326, 36, 73, 422, 299, 444, 91, 118, 82, 42, 445, 186, 463, 65, 167, 396, 214, 71, 126, 162, 11, 61, 406, 348, 112, 156, 349, 366, 345, 61, 305, 121, 192, 326, 340, 262, 40, 49, 80, 284, 426, 20, 406, 256, 229, 367, 87, 88, 135, 158, 412, 262, 78, 111, 43, 69, 3, 304, 36, 397, 236, 127, 243, 400, 291, 250, 31, 240, 121, 381, 60, 426, 96, 60, 129, 176, 112, 145, 250, 20, 365, 332, 195, 265, 460, 429, 149, 75, 263, 442, 312, 227, 418, 184, 140, 20, 229, 110, 113, 428, 74, 439, 366, 149, 119, 17, 49, 95, 451, 141, 288, 47, 6, 310, 340, 464, 9, 401, 339, 287, 456, 179, 321, 237, 40, 282, 284, 152, 179, 38, 393, 448, 266, 307, 26, 368, 98, 167, 391, 448, 179, 101, 94, 441, 358, 287, 82, 27, 47, 356, 48, 401, 445, 226, 369, 362, 186, 68, 307, 321, 181, 217, 305, 415, 359, 435, 145, 97, 200, 166, 151, 430, 403, 38, 349, 286, 162, 196, 401, 33, 47, 282, 393, 338, 381, 151, 223, 243, 85, 466, 262, 4, 220, 202, 287, 211, 14, 381, 381, 178, 20, 207, 425, 276, 201, 205, 138, 446, 69, 62, 2, 101, 421, 139, 100, 400, 133, 370, 58, 248, 93, 198, 265, 214, 141, 241, 416, 288, 336, 161, 280, 153, 147, 132, 190, 158, 89, 10, 313, 69, 305, 406, 429, 405, 459, 104, 338, 326, 333, 378, 127, 158, 271, 287, 452, 382, 190, 178, 329, 423, 224, 90, 91, 9, 273, 447, 96, 200, 270, 383, 92, 333, 137, 444, 20, 171, 155, 89, 319, 85, 385, 460, 243, 175, 27, 284, 239, 421, 90, 434, 361, 214, 222, 326, 456, 8, 107, 424, 8, 250, 299, 218, 118, 417, 16, 197, 89, 212, 370, 280, 448, 190, 445, 401, 18, 74, 422, 169, 136, 220, 282, 262, 95, 456, 174, 140, 18, 459, 333, 333, 390, 49, 413, 239, 418, 288, 60, 85, 177, 23, 444, 368, 355, 84, 33, 393, 250, 428, 306, 250, 20, 110, 270, 90, 49, 396, 103, 90, 305, 71, 237, 442, 437, 310, 332, 153, 162, 287, 119, 132, 158, 118, 100, 404, 126, 374, 169, 20, 393, 67, 67, 145, 98, 93, 35, 381, 101, 214, 32, 11, 174, 68, 418, 88, 448, 387, 99, 195, 393, 418, 287, 328, 214, 91, 477, 116, 246, 439, 43, 317, 286, 134, 65, 266, 145, 141, 252, 376, 190, 16, 71, 90, 190, 124, 69, 200, 128, 405, 143, 349, 190, 241, 97, 308, 284, 309, 103, 413, 288, 250, 191, 455, 286, 27, 133, 210, 223, 442, 420, 348, 416, 40, 302, 450, 316, 366, 226, 434, 124, 127, 306, 227, 214, 161, 124, 227, 368, 286, 93, 40, 71, 276, 250, 222, 327, 43, 16, 282, 428, 237, 271, 90, 452, 191, 273, 81, 3, 18, 275, 214, 233, 298, 167, 58, 78, 212, 298, 227, 120, 275, 73, 70, 244, 2, 110, 337, 178, 468, 174, 247, 67, 329, 278, 445, 275, 357, 375, 73, 441, 24, 239, 202, 129, 67, 159, 365, 8, 65, 176, 421, 330, 9, 8, 105, 49, 332, 175, 93, 84, 149, 70, 107, 234, 105, 9, 282, 53, 236, 284, 8, 122, 155, 463, 239, 107, 255, 149, 346, 84, 349, 103, 199, 111, 21, 312, 179, 366, 451, 358, 424, 33, 192, 149, 122, 43, 468, 284, 243, 372, 20, 307, 250, 229, 126, 174, 168, 90, 381, 58, 326, 3, 88, 398, 49, 364, 22, 116, 70, 435, 287, 197, 177, 76, 375, 167, 190, 387, 197, 396, 393, 32, 236, 127, 115, 243, 186, 8, 155, 190, 413, 39, 9, 415, 40, 168, 202, 473, 190, 113, 190, 201, 16, 128, 317, 71, 413, 149, 211, 147, 144, 446, 69, 202, 467, 425, 299, 195, 208, 58, 57, 413, 71, 267, 34, 446, 124, 234, 81, 93, 159, 99, 276, 215, 441, 22, 25, 263, 208, 433, 360, 29, 328, 107, 266, 345, 118, 420, 396, 31, 136, 217, 273, 138, 426, 107, 11, 214, 276, 224, 201, 417, 275, 317, 81, 296, 308, 9, 130, 236, 470, 202, 189, 460, 430, 20, 292, 71, 286, 243, 128, 97, 103, 2, 249, 444, 442, 166, 374, 170, 174, 375, 81, 449, 124, 273, 424, 424, 313, 50, 234, 6, 31, 224, 245, 370, 197, 78, 445, 126, 384, 337, 461, 123, 409, 395, 151, 187, 192, 33, 222, 369, 424, 13, 121, 174, 219, 97, 339, 93, 126, 113, 463, 458, 313, 322, 280, 338, 366, 20, 95, 75, 333, 351, 202, 417, 214, 197, 424, 201, 175, 128, 133, 164, 295, 324, 447, 227, 97, 428, 147, 40, 193, 115, 112, 51, 118, 456, 351, 175, 48, 242, 27, 416, 166, 435, 42, 212, 351, 150, 211, 187, 78, 368, 212, 468, 402, 139, 335, 425, 176, 346, 182, 58, 327, 459, 80, 96, 363, 33, 64, 456, 207, 144, 327, 468, 430, 324, 66, 195, 297, 280, 40, 424, 319, 124, 348, 149, 58, 153, 243, 327, 362, 8, 69, 444, 370, 10, 220, 19, 226, 323, 191, 145, 398, 48, 324, 345, 339, 395, 153, 287, 80, 37, 445, 415, 187, 49, 388, 71, 209, 20, 361, 426, 462, 436, 158, 126, 202, 324, 455, 472, 98, 207, 356, 142, 19, 402, 400, 112, 439, 27, 282, 181, 190, 397, 110, 288, 384, 280, 16, 33, 350, 380, 416, 450, 138, 327, 445, 27, 263, 119, 361, 448, 415, 295, 439, 263, 237, 450, 374, 265, 345, 250, 250, 449, 20, 128, 194, 265, 326, 214, 333, 220, 363, 276, 245, 246, 106, 11, 413, 136, 305, 60, 405, 444, 267, 11, 369, 47, 85, 41, 215, 125, 383, 176, 395, 11, 175, 413, 195, 237, 151, 411, 395, 429, 229, 225, 43, 262, 396, 336, 358, 281, 154, 158, 326, 40, 