K <- 50
N <- 3870
player2 <-
c(190, 229, 112, 324, 103, 97, 177, 418, 50, 460, 288, 420, 38, 396, 252, 448, 247, 284, 280, 305, 419, 62, 250, 367, 149, 158, 71, 447, 287, 375, 456, 406, 348, 103, 457, 122, 34, 280, 3, 220, 101, 115, 288, 383, 120, 372, 426, 20, 66, 472, 239, 141, 342, 354, 161, 250, 405, 327, 153, 190, 23, 250, 413, 267, 295, 264, 214, 32, 149, 38, 89, 190, 263, 217, 415, 11, 286, 78, 179, 64, 101, 71, 64, 338, 62, 251, 6, 89, 101, 395, 60, 250, 243, 191, 19, 100, 153, 397, 270, 27, 468, 98, 48, 34, 282, 42, 81, 156, 121, 103, 287, 82, 147, 100, 238, 104, 333, 106, 390, 441, 144, 393, 322, 112, 265, 310, 75, 236, 338, 442, 26, 190, 278, 317, 56, 263, 34, 374, 406, 139, 106, 328, 47, 267, 67, 147, 147, 11, 254, 258, 187, 27, 460, 146, 70, 339, 196, 6, 321, 216, 227, 305, 9, 43, 85, 146, 85, 126, 161, 33, 189, 390, 149, 58, 375, 413, 209, 265, 445, 376, 103, 32, 280, 198, 467, 362, 371, 287, 412, 365, 419, 143, 280, 402, 8, 456, 190, 95, 175, 417, 386, 107, 212, 190, 112, 124, 176, 161, 359, 177, 323, 425, 3, 338, 337, 129, 395, 327, 19, 153, 416, 11, 398, 101, 271, 366, 456, 281, 6, 428, 232, 119, 133, 375, 76, 403, 116, 40, 299, 439, 119, 127, 6, 456, 114, 433, 197, 426, 313, 98, 90, 69, 337, 466, 22, 56, 332, 39, 114, 402, 47, 31, 190, 465, 71, 336, 413, 26, 51, 20, 393, 362, 132, 195, 383, 278, 286, 189, 311, 139, 175, 416, 49, 350, 333, 466, 413, 47, 126, 116, 415, 307, 40, 116, 310, 168, 3, 16, 386, 319, 88, 35, 69, 14, 295, 275, 444, 388, 133, 16, 38, 325, 330, 424, 49, 332, 177, 185, 241, 463, 425, 306, 148, 357, 98, 48, 183, 190, 472, 225, 121, 22, 413, 174, 402, 65, 127, 33, 349, 103, 313, 165, 107, 307, 387, 463, 368, 110, 299, 179, 287, 149, 103, 276, 452, 169, 190, 307, 107, 27, 124, 112, 200, 325, 186, 381, 132, 47, 163, 64, 237, 103, 67, 244, 245, 287, 418, 69, 145, 137, 299, 7, 49, 457, 220, 121, 312, 143, 93, 43, 116, 267, 245, 85, 176, 446, 292, 93, 71, 112, 6, 393, 430, 329, 361, 67, 199, 381, 125, 128, 76, 365, 441, 90, 16, 8, 326, 383, 283, 472, 309, 287, 424, 302, 374, 214, 168, 164, 173, 116, 116, 422, 281, 49, 255, 320, 25, 201, 81, 255, 393, 310, 436, 26, 287, 127, 14, 462, 327, 382, 118, 313, 280, 192, 208, 306, 333, 429, 336, 466, 7, 90, 339, 229, 393, 402, 198, 177, 243, 243, 187, 116, 396, 50, 380, 25, 190, 27, 295, 382, 154, 48, 41, 448, 124, 416, 280, 177, 309, 246, 175, 135, 41, 284, 207, 233, 250, 413, 199, 91, 18, 342, 190, 418, 138, 283, 128, 129, 369, 6, 212, 337, 258, 38, 256, 85, 42, 40, 216, 386, 58, 267, 34, 82, 250, 247, 81, 236, 228, 342, 282, 247, 124, 84, 211, 299, 366, 430, 190, 69, 100, 126, 286, 293, 70, 419, 216, 477, 60, 115, 6, 375, 326, 267, 191, 429, 119, 47, 439, 129, 396, 50, 246, 325, 95, 391, 362, 330, 36, 103, 404, 471, 169, 396, 447, 81, 87, 6, 50, 469, 73, 151, 90, 388, 176, 48, 75, 237, 342, 69, 466, 416, 155, 466, 78, 113, 368, 37, 438, 27, 236, 397, 140, 199, 368, 390, 131, 190, 27, 345, 327, 35, 174, 48, 293, 445, 16, 381, 250, 58, 101, 129, 190, 214, 243, 40, 115, 276, 115, 90, 115, 103, 396, 112, 425, 400, 305, 287, 27, 202, 144, 417, 234, 23, 300, 445, 223, 301, 155, 250, 149, 63, 381, 390, 375, 127, 105, 404, 29, 404, 107, 214, 204, 168, 43, 211, 456, 210, 349, 264, 428, 383, 276, 258, 90, 310, 271, 349, 412, 261, 278, 259, 8, 126, 358, 306, 418, 295, 190, 159, 60, 9, 237, 406, 192, 87, 307, 251, 66, 226, 317, 112, 207, 100, 390, 281, 433, 70, 143, 322, 121, 177, 419, 112, 69, 165, 53, 135, 406, 166, 190, 364, 269, 51, 280, 416, 153, 266, 329, 48, 192, 229, 110, 329, 401, 155, 239, 468, 284, 195, 223, 127, 153, 391, 214, 445, 118, 282, 3, 22, 451, 150, 123, 2, 475, 75, 418, 234, 67, 55, 46, 470, 55, 18, 60, 71, 250, 145, 20, 176, 81, 392, 448, 380, 327, 211, 224, 133, 243, 280, 202, 299, 18, 348, 429, 255, 421, 33, 2, 377, 349, 338, 240, 2, 356, 99, 424, 413, 380, 404, 354, 239, 138, 248, 250, 255, 334, 398, 413, 5, 107, 377, 329, 370, 62, 413, 311, 6, 6, 154, 95, 380, 179, 224, 383, 288, 93, 363, 222, 386, 384, 71, 282, 162, 6, 339, 422, 97, 236, 316, 280, 8, 118, 48, 287, 467, 287, 217, 192, 362, 70, 401, 369, 63, 273, 425, 252, 88, 310, 214, 287, 81, 359, 208, 58, 36, 286, 445, 357, 381, 429, 373, 153, 214, 374, 387, 100, 173, 218, 401, 278, 240, 165, 78, 418, 51, 393, 304, 204, 198, 11, 332, 11, 190, 111, 243, 85, 255, 223, 466, 2, 191, 208, 90, 138, 150, 273, 27, 280, 462, 460, 446, 275, 295, 324, 433, 442, 71, 185, 97, 282, 158, 387, 70, 180, 56, 444, 356, 97, 6, 352, 76, 51, 287, 32, 400, 170, 7, 161, 227, 250, 250, 167, 372, 381, 250, 459, 127, 64, 233, 107, 60, 370, 247, 56, 462, 262, 47, 305, 332, 71, 242, 263, 264, 39, 373, 244, 456, 381, 448, 234, 7, 185, 176, 322, 422, 158, 326, 202, 434, 177, 281, 425, 124, 27, 243, 413, 391, 13, 64, 158, 229, 129, 315, 51, 365, 202, 281, 278, 400, 275, 39, 164, 224, 56, 358, 469, 293, 145, 153, 280, 42, 3, 122, 187, 437, 304, 223, 297, 475, 281, 348, 471, 129, 115, 417, 30, 71, 139, 84, 111, 222, 255, 302, 439, 247, 282, 327, 231, 116, 182, 191, 397, 38, 444, 76, 216, 95, 178, 240, 78, 191, 144, 114, 350, 122, 112, 242, 329, 154, 446, 236, 25, 90, 102, 190, 20, 58, 260, 190, 190, 42, 185, 287, 429, 368, 171, 197, 381, 40, 117, 265, 211, 178, 91, 102, 401, 122, 214, 445, 45, 39, 366, 7, 298, 179, 151, 71, 191, 416, 195, 85, 97, 187, 368, 153, 263, 89, 361, 164, 227, 142, 237, 41, 397, 366, 267, 202, 398, 393, 217, 103, 345, 475, 261, 100, 446, 11, 423, 250, 179, 62, 308, 447, 380, 286, 191, 222, 319, 234, 383, 413, 81, 250, 159, 327, 43, 365, 429, 40, 162, 417, 307, 288, 41, 166, 394, 315, 145, 90, 149, 460, 158, 337, 113, 18, 90, 85, 80, 13, 143, 336, 32, 370, 4, 102, 175, 14, 447, 310, 357, 361, 68, 116, 25, 309, 369, 402, 339, 169, 240, 153, 327, 95, 161, 106, 51, 163, 361, 43, 193, 34, 444, 214, 84, 403, 136, 89, 202, 177, 234, 284, 337, 391, 124, 246, 375, 317, 56, 326, 255, 366, 156, 118, 287, 22, 76, 107, 287, 101, 280, 355, 65, 14, 85, 250, 318, 48, 467, 199, 15, 64, 411, 295, 192, 201, 286, 110, 166, 286, 281, 71, 313, 31, 463, 60, 190, 462, 190, 243, 71, 81, 252, 124, 136, 284, 7, 93, 2, 373, 155, 445, 56, 129, 9, 3, 144, 161, 95, 374, 177, 371, 11, 415, 207, 27, 381, 325, 22, 68, 207, 191, 340, 47, 445, 250, 214, 154, 329, 444, 445, 202, 8, 327, 413, 218, 418, 76, 282, 329, 346, 386, 415, 210, 125, 310, 190, 190, 82, 287, 5, 193, 189, 468, 419, 430, 133, 452, 122, 186, 33, 393, 71, 105, 124, 206, 122, 96, 112, 107, 53, 310, 6, 49, 428, 241, 224, 23, 348, 236, 345, 448, 139, 224, 473, 45, 339, 2, 306, 214, 168, 20, 317, 242, 73, 327, 236, 254, 299, 62, 286, 219, 330, 245, 201, 10, 251, 96, 348, 417, 462, 236, 441, 431, 111, 348, 190, 95, 143, 466, 186, 164, 429, 207, 284, 276, 267, 252, 362, 75, 155, 166, 261, 384, 132, 321, 280, 463, 299, 173, 93, 348, 214, 337, 24, 444, 460, 7, 276, 310, 248, 325, 69, 446, 120, 112, 356, 242, 2, 177, 424, 53, 106, 260, 78, 250, 120, 82, 138, 40, 225, 122, 195, 333, 81, 90, 69, 207, 333, 3, 380, 329, 237, 20, 39, 8, 71, 250, 226, 103, 123, 117, 53, 315, 141, 326, 391, 370, 283, 201, 190, 120, 239, 71, 124, 88, 381, 89, 167, 50, 413, 240, 150, 78, 49, 129, 175, 336, 456, 441, 167, 250, 456, 20, 310, 310, 70, 415, 63, 422, 258, 357, 281, 331, 427, 212, 181, 418, 217, 126, 145, 377, 237, 400, 448, 60, 65, 418, 383, 197, 43, 424, 324, 6, 62, 444, 356, 43, 114, 230, 129, 39, 287, 425, 223, 324, 444, 129, 138, 359, 3, 297, 227, 20, 429, 339, 33, 449, 302, 225, 413, 421, 110, 113, 368, 250, 31, 13, 190, 113, 386, 190, 178, 107, 329, 439, 190, 27, 48, 370, 443, 92, 3, 463, 226, 32, 458, 403, 215, 381, 49, 8, 173, 444, 42, 429, 304, 94, 377, 368, 456, 351, 217, 33, 380, 350, 387, 110, 49, 237, 361, 246, 395, 468, 325, 71, 70, 299, 400, 201, 413, 428, 219, 88, 413, 190, 326, 139, 176, 463, 220, 267, 445, 85, 128, 428, 71, 85, 391, 71, 85, 112, 441, 351, 214, 473, 391, 101, 119, 26, 288, 51, 221, 326, 246, 209, 328, 141, 463, 190, 65, 237, 96, 47, 467, 151, 415, 350, 100, 310, 368, 84, 71, 310, 289, 338, 135, 456, 27, 166, 3, 96, 447, 398, 293, 92, 434, 82, 405, 179, 32, 143, 459, 411, 