K <- 50
N <- 3870
player2 <-
c(2, 347, 390, 111, 209, 280, 271, 396, 120, 280, 254, 243, 201, 445, 288, 47, 338, 325, 11, 97, 78, 456, 155, 179, 141, 96, 393, 5, 381, 138, 348, 229, 286, 347, 181, 243, 281, 378, 100, 310, 153, 393, 6, 116, 282, 336, 362, 317, 256, 40, 336, 49, 282, 143, 252, 43, 90, 356, 195, 273, 155, 240, 121, 405, 179, 313, 400, 158, 90, 103, 260, 278, 185, 119, 176, 286, 51, 167, 71, 127, 393, 158, 95, 236, 112, 158, 340, 258, 27, 287, 264, 427, 122, 280, 2, 293, 261, 250, 338, 287, 90, 393, 280, 468, 342, 38, 400, 260, 221, 111, 239, 69, 48, 413, 442, 111, 64, 156, 226, 299, 370, 329, 248, 475, 273, 302, 287, 158, 229, 40, 190, 405, 403, 261, 44, 89, 306, 48, 441, 104, 103, 370, 191, 365, 337, 9, 190, 126, 401, 281, 236, 220, 471, 47, 463, 287, 282, 432, 103, 418, 373, 463, 470, 226, 101, 237, 239, 381, 240, 71, 247, 234, 140, 226, 117, 190, 112, 40, 103, 243, 356, 460, 2, 131, 393, 186, 97, 113, 171, 166, 116, 49, 330, 202, 62, 245, 342, 261, 456, 442, 406, 97, 226, 243, 126, 404, 262, 11, 220, 198, 397, 35, 18, 105, 84, 171, 280, 149, 116, 386, 141, 258, 326, 40, 163, 218, 413, 255, 211, 129, 391, 337, 304, 237, 288, 348, 308, 103, 455, 96, 239, 149, 393, 151, 20, 310, 11, 143, 124, 23, 250, 3, 153, 434, 234, 433, 8, 307, 40, 116, 40, 123, 63, 247, 297, 368, 14, 338, 395, 416, 471, 190, 400, 281, 348, 103, 382, 264, 295, 50, 339, 155, 463, 463, 133, 60, 149, 112, 111, 27, 358, 73, 384, 217, 40, 6, 400, 219, 187, 423, 418, 148, 76, 275, 337, 48, 9, 80, 40, 48, 439, 351, 239, 64, 117, 351, 56, 112, 145, 423, 135, 22, 34, 403, 381, 20, 441, 310, 366, 174, 164, 62, 421, 293, 95, 263, 400, 126, 67, 400, 16, 189, 456, 458, 359, 101, 26, 65, 217, 462, 271, 361, 287, 23, 352, 370, 327, 418, 250, 81, 424, 211, 197, 324, 446, 275, 250, 397, 280, 224, 211, 97, 227, 239, 151, 349, 317, 366, 298, 87, 386, 310, 383, 118, 239, 245, 39, 47, 451, 111, 419, 280, 338, 295, 224, 242, 282, 217, 185, 179, 27, 133, 129, 354, 3, 307, 258, 185, 425, 68, 107, 64, 266, 391, 167, 195, 338, 361, 175, 224, 384, 38, 422, 171, 391, 62, 237, 198, 366, 115, 429, 281, 124, 439, 214, 370, 162, 96, 208, 115, 199, 201, 345, 47, 461, 204, 444, 226, 64, 186, 416, 281, 466, 33, 424, 367, 81, 357, 207, 384, 359, 119, 110, 189, 75, 276, 324, 368, 202, 305, 159, 328, 89, 130, 145, 47, 426, 329, 370, 33, 305, 166, 132, 280, 95, 351, 347, 342, 76, 248, 190, 225, 6, 393, 295, 439, 237, 323, 368, 299, 27, 198, 57, 71, 88, 250, 327, 71, 70, 27, 219, 76, 71, 195, 445, 331, 139, 71, 179, 161, 20, 251, 442, 139, 115, 43, 267, 3, 393, 462, 170, 338, 26, 49, 386, 321, 330, 98, 218, 212, 47, 18, 97, 302, 120, 335, 126, 339, 460, 324, 244, 221, 151, 47, 121, 20, 5, 246, 199, 47, 424, 233, 224, 345, 46, 118, 177, 396, 167, 71, 104, 444, 381, 121, 366, 128, 115, 71, 280, 117, 197, 293, 442, 216, 348, 139, 82, 239, 393, 472, 85, 454, 427, 126, 475, 287, 51, 327, 102, 219, 467, 224, 39, 401, 195, 32, 153, 93, 202, 358, 231, 175, 418, 131, 11, 464, 471, 168, 50, 71, 456, 267, 167, 133, 333, 11, 339, 287, 60, 133, 391, 242, 311, 98, 187, 190, 467, 23, 442, 329, 100, 466, 283, 442, 456, 413, 265, 247, 265, 339, 385, 169, 327, 255, 227, 370, 405, 245, 267, 398, 446, 260, 126, 384, 201, 240, 26, 26, 186, 76, 90, 313, 197, 75, 405, 433, 436, 250, 27, 212, 275, 425, 339, 36, 448, 263, 287, 143, 301, 48, 132, 418, 466, 302, 185, 51, 386, 79, 475, 143, 88, 118, 370, 13, 87, 153, 143, 120, 278, 252, 386, 190, 141, 375, 127, 107, 413, 365, 358, 299, 116, 39, 179, 65, 370, 6, 113, 296, 214, 161, 47, 148, 227, 442, 3, 349, 255, 329, 131, 302, 73, 227, 365, 351, 64, 147, 118, 175, 286, 415, 229, 332, 161, 411, 112, 33, 122, 87, 417, 306, 276, 181, 317, 16, 154, 73, 175, 180, 288, 36, 8, 99, 348, 376, 49, 120, 299, 136, 348, 224, 129, 397, 71, 198, 31, 153, 201, 333, 58, 436, 71, 330, 214, 85, 45, 337, 267, 417, 252, 78, 81, 144, 23, 204, 85, 162, 223, 447, 278, 58, 250, 93, 387, 131, 190, 162, 19, 276, 2, 439, 16, 47, 158, 280, 182, 8, 250, 114, 275, 190, 42, 19, 441, 373, 336, 460, 60, 227, 176, 286, 220, 71, 120, 76, 471, 75, 93, 60, 293, 116, 444, 49, 85, 267, 310, 11, 383, 418, 375, 278, 103, 190, 400, 40, 250, 174, 327, 65, 456, 278, 413, 343, 267, 190, 85, 280, 190, 113, 267, 370, 69, 202, 49, 381, 162, 391, 267, 223, 233, 190, 248, 376, 428, 124, 322, 416, 406, 202, 27, 419, 141, 51, 416, 311, 415, 431, 282, 375, 155, 114, 39, 452, 88, 307, 148, 425, 453, 3, 195, 48, 3, 401, 446, 349, 118, 2, 416, 286, 322, 360, 413, 81, 377, 60, 151, 464, 460, 199, 319, 406, 71, 327, 154, 49, 258, 393, 100, 446, 284, 220, 112, 333, 424, 186, 99, 364, 287, 220, 62, 165, 330, 112, 289, 168, 20, 9, 95, 195, 250, 62, 14, 375, 236, 237, 137, 329, 413, 448, 214, 154, 119, 370, 445, 186, 317, 265, 381, 372, 278, 202, 109, 322, 69, 227, 288, 90, 422, 463, 214, 374, 439, 455, 426, 48, 85, 65, 186, 145, 259, 325, 330, 10, 299, 100, 460, 8, 255, 6, 175, 468, 401, 69, 357, 145, 387, 138, 154, 220, 280, 444, 391, 81, 103, 91, 93, 168, 240, 282, 393, 161, 115, 6, 186, 6, 228, 113, 70, 428, 129, 11, 143, 7, 316, 354, 287, 176, 63, 287, 127, 362, 468, 143, 286, 224, 332, 31, 79, 265, 6, 299, 169, 223, 77, 112, 190, 88, 90, 11, 321, 441, 118, 393, 462, 49, 249, 466, 429, 459, 381, 149, 6, 92, 457, 179, 255, 444, 305, 162, 421, 40, 78, 112, 358, 48, 317, 263, 194, 144, 40, 411, 415, 439, 456, 306, 97, 284, 439, 137, 168, 333, 299, 434, 369, 124, 375, 452, 384, 23, 275, 113, 355, 444, 190, 413, 370, 16, 390, 70, 467, 11, 106, 116, 284, 60, 437, 306, 415, 84, 295, 330, 384, 332, 468, 138, 286, 302, 128, 256, 426, 20, 71, 20, 418, 159, 186, 65, 176, 227, 361, 2, 168, 254, 227, 227, 362, 250, 102, 365, 456, 48, 112, 404, 199, 421, 418, 356, 357, 236, 368, 14, 23, 58, 260, 226, 350, 443, 129, 305, 211, 176, 48, 426, 110, 91, 313, 226, 287, 250, 106, 133, 69, 402, 27, 162, 446, 120, 212, 200, 318, 413, 261, 53, 426, 62, 92, 169, 237, 18, 144, 62, 227, 97, 214, 105, 135, 256, 154, 190, 100, 403, 428, 367, 256, 201, 428, 236, 153, 366, 39, 159, 169, 158, 327, 223, 124, 33, 102, 280, 255, 373, 104, 16, 189, 402, 166, 192, 24, 423, 423, 7, 267, 422, 124, 122, 187, 287, 42, 39, 43, 70, 339, 364, 106, 299, 2, 8, 190, 138, 448, 349, 264, 93, 43, 48, 242, 315, 98, 234, 92, 287, 198, 250, 216, 155, 250, 284, 6, 161, 60, 146, 111, 186, 282, 387, 190, 8, 265, 47, 34, 147, 181, 452, 366, 356, 76, 402, 20, 466, 335, 112, 311, 327, 457, 133, 281, 191, 27, 439, 401, 200, 234, 454, 267, 246, 11, 262, 96, 141, 87, 348, 329, 275, 173, 58, 416, 64, 39, 87, 47, 430, 313, 84, 98, 60, 424, 94, 61, 278, 243, 62, 393, 200, 337, 18, 240, 399, 2, 222, 11, 275, 276, 85, 447, 280, 43, 90, 467, 138, 337, 444, 190, 190, 142, 126, 390, 3, 329, 47, 174, 187, 380, 348, 87, 270, 286, 350, 297, 288, 88, 388, 202, 48, 382, 96, 51, 100, 3, 355, 18, 373, 316, 16, 126, 467, 140, 465, 218, 202, 386, 51, 442, 282, 370, 264, 381, 267, 243, 393, 328, 402, 26, 38, 324, 336, 110, 190, 173, 100, 173, 207, 287, 321, 448, 145, 159, 169, 207, 315, 456, 466, 49, 362, 134, 24, 255, 261, 456, 366, 153, 214, 79, 250, 273, 180, 209, 6, 263, 468, 400, 278, 220, 388, 271, 373, 98, 288, 338, 187, 3, 371, 214, 236, 98, 263, 244, 429, 111, 284, 190, 154, 127, 214, 95, 413, 299, 246, 370, 165, 303, 107, 327, 391, 151, 148, 25, 3, 96, 39, 95, 400, 116, 444, 26, 214, 361, 316, 121, 173, 364, 190, 53, 218, 211, 64, 89, 413, 307, 251, 413, 39, 231, 307, 374, 463, 7, 153, 361, 170, 189, 469, 224, 226, 195, 107, 463, 51, 27, 118, 129, 283, 280, 11, 267, 190, 169, 192, 362, 418, 415, 328, 141, 210, 250, 192, 316, 112, 187, 165, 8, 174, 267, 24, 97, 459, 140, 47, 30, 27, 264, 273, 90, 297, 413, 75, 248, 124, 240, 65, 214, 301, 240, 138, 190, 192, 313, 32, 13, 198, 393, 6, 97, 6, 454, 80, 342, 116, 329, 29, 441, 311, 58, 276, 306, 41, 374, 167, 255, 198, 78, 64, 151, 438, 283, 135, 65, 190, 139, 393, 287, 236, 375, 200, 445, 329, 363, 310, 295, 452, 7, 13, 8, 271, 247, 340, 462, 247, 161, 51, 40, 328, 127, 287, 281, 69, 459, 444, 20, 433, 452, 190, 201, 49, 145, 307, 214, 391, 164, 369, 190, 214, 