K <- 50
N <- 3870
player2 <-
c(220, 149, 267, 286, 229, 278, 306, 302, 292, 170, 67, 401, 377, 170, 153, 413, 254, 141, 41, 424, 3, 62, 237, 155, 362, 145, 354, 413, 217, 169, 288, 150, 265, 471, 201, 467, 413, 6, 27, 121, 299, 381, 179, 248, 371, 347, 383, 265, 229, 191, 234, 278, 187, 445, 276, 53, 49, 137, 295, 62, 168, 287, 426, 95, 406, 155, 132, 471, 190, 190, 186, 198, 368, 51, 277, 2, 116, 223, 70, 198, 445, 236, 102, 305, 250, 190, 115, 127, 70, 310, 351, 266, 448, 391, 433, 374, 406, 111, 201, 355, 428, 141, 27, 250, 176, 355, 70, 23, 406, 243, 309, 198, 6, 444, 211, 191, 90, 217, 351, 11, 153, 446, 26, 167, 190, 446, 105, 361, 139, 261, 460, 425, 47, 124, 435, 22, 313, 96, 22, 190, 103, 250, 113, 127, 134, 9, 71, 190, 459, 288, 393, 351, 177, 90, 61, 349, 96, 43, 51, 179, 456, 101, 85, 214, 9, 264, 8, 242, 397, 477, 403, 14, 15, 55, 29, 304, 327, 299, 32, 368, 11, 85, 64, 275, 449, 240, 122, 332, 345, 185, 359, 388, 332, 85, 370, 177, 247, 27, 51, 299, 111, 23, 337, 179, 302, 475, 153, 190, 22, 267, 413, 140, 34, 439, 244, 339, 18, 120, 71, 350, 164, 43, 237, 255, 293, 418, 326, 350, 107, 270, 441, 93, 419, 161, 248, 284, 370, 214, 237, 403, 39, 411, 310, 442, 26, 418, 120, 459, 155, 282, 56, 142, 153, 234, 132, 287, 215, 40, 275, 264, 384, 368, 13, 103, 330, 71, 450, 93, 154, 258, 195, 358, 248, 142, 422, 308, 416, 365, 43, 193, 141, 220, 275, 107, 13, 307, 400, 418, 158, 132, 162, 327, 323, 390, 88, 171, 122, 388, 416, 263, 393, 165, 327, 27, 190, 22, 98, 19, 113, 234, 387, 128, 140, 236, 381, 265, 140, 243, 429, 284, 135, 60, 224, 38, 71, 112, 180, 297, 250, 56, 177, 81, 140, 286, 327, 388, 48, 413, 243, 306, 286, 287, 257, 466, 368, 31, 48, 115, 444, 429, 147, 459, 313, 370, 145, 263, 17, 310, 316, 143, 267, 110, 449, 254, 396, 325, 198, 19, 126, 195, 56, 138, 327, 173, 11, 393, 112, 263, 405, 145, 288, 214, 140, 402, 250, 27, 156, 346, 214, 386, 211, 190, 364, 116, 337, 345, 141, 92, 444, 375, 305, 218, 40, 118, 456, 461, 3, 340, 51, 38, 449, 39, 227, 323, 162, 33, 404, 202, 224, 49, 299, 92, 18, 126, 4, 170, 111, 233, 403, 177, 434, 418, 66, 22, 32, 62, 27, 113, 20, 133, 173, 155, 348, 342, 240, 22, 214, 361, 265, 31, 227, 381, 166, 234, 373, 85, 141, 190, 130, 463, 247, 16, 190, 184, 197, 47, 58, 442, 310, 473, 191, 94, 65, 370, 190, 468, 317, 136, 387, 97, 149, 429, 140, 179, 348, 467, 199, 39, 276, 316, 413, 60, 325, 78, 91, 199, 345, 102, 428, 381, 214, 222, 258, 129, 191, 66, 445, 396, 278, 20, 310, 8, 250, 231, 40, 441, 304, 92, 107, 299, 445, 3, 104, 283, 58, 95, 445, 259, 455, 207, 93, 247, 297, 339, 310, 417, 227, 214, 295, 9, 226, 380, 283, 154, 287, 158, 239, 456, 224, 466, 270, 349, 103, 426, 291, 118, 423, 295, 433, 26, 395, 338, 330, 69, 174, 452, 227, 452, 240, 250, 321, 303, 197, 197, 433, 142, 267, 84, 134, 113, 267, 18, 89, 282, 348, 115, 240, 190, 36, 49, 427, 444, 299, 298, 239, 267, 304, 333, 2, 115, 258, 202, 426, 138, 13, 101, 287, 11, 76, 20, 391, 472, 223, 128, 22, 96, 85, 120, 329, 240, 250, 222, 287, 124, 145, 27, 261, 187, 221, 40, 374, 106, 103, 284, 173, 280, 348, 250, 138, 32, 348, 207, 362, 237, 471, 348, 149, 413, 310, 444, 190, 165, 352, 145, 237, 223, 26, 161, 115, 311, 351, 358, 120, 16, 16, 436, 406, 439, 373, 127, 179, 429, 273, 190, 413, 147, 336, 71, 250, 242, 275, 20, 159, 186, 429, 90, 323, 234, 122, 332, 51, 124, 84, 139, 176, 195, 429, 43, 27, 64, 391, 92, 246, 138, 424, 415, 273, 133, 119, 91, 316, 26, 351, 254, 3, 77, 186, 348, 267, 336, 11, 85, 337, 200, 85, 236, 126, 86, 456, 149, 43, 49, 287, 428, 82, 302, 348, 319, 345, 190, 141, 252, 339, 349, 8, 211, 390, 214, 390, 133, 53, 327, 177, 418, 40, 20, 162, 164, 324, 20, 168, 156, 362, 179, 278, 81, 120, 356, 207, 345, 367, 191, 144, 50, 170, 472, 267, 192, 40, 18, 202, 287, 288, 332, 128, 410, 333, 324, 67, 236, 161, 18, 306, 393, 111, 6, 325, 260, 151, 465, 262, 236, 140, 260, 252, 135, 406, 157, 100, 50, 34, 87, 191, 70, 326, 70, 104, 69, 187, 416, 373, 27, 429, 78, 39, 471, 273, 463, 216, 118, 22, 280, 236, 267, 258, 403, 43, 452, 98, 416, 289, 121, 307, 321, 216, 11, 250, 280, 450, 365, 445, 49, 281, 190, 11, 135, 23, 382, 92, 445, 187, 247, 116, 107, 71, 140, 307, 282, 211, 124, 111, 442, 423, 189, 39, 416, 397, 308, 342, 179, 456, 413, 149, 446, 91, 387, 468, 386, 190, 332, 8, 329, 305, 214, 131, 424, 284, 327, 85, 448, 201, 39, 6, 138, 230, 388, 278, 289, 451, 48, 121, 409, 201, 187, 377, 460, 271, 138, 240, 214, 233, 242, 359, 361, 367, 328, 140, 468, 49, 181, 121, 126, 123, 366, 430, 273, 11, 462, 114, 350, 171, 246, 220, 198, 462, 189, 429, 446, 442, 16, 458, 19, 471, 190, 35, 350, 49, 447, 280, 90, 101, 396, 65, 47, 362, 444, 70, 264, 50, 60, 131, 199, 14, 306, 246, 177, 124, 76, 411, 169, 93, 305, 146, 7, 339, 151, 202, 468, 228, 287, 98, 307, 38, 58, 321, 27, 246, 26, 370, 373, 310, 58, 306, 49, 349, 448, 21, 375, 275, 305, 316, 237, 20, 16, 3, 81, 328, 150, 256, 234, 48, 315, 374, 276, 271, 275, 164, 98, 122, 139, 361, 51, 71, 167, 236, 198, 20, 71, 64, 475, 76, 69, 189, 204, 395, 387, 104, 456, 231, 199, 39, 18, 454, 110, 116, 284, 142, 372, 49, 174, 282, 370, 433, 444, 397, 313, 128, 439, 396, 243, 324, 419, 405, 133, 96, 442, 81, 65, 236, 198, 219, 181, 121, 93, 158, 415, 100, 62, 312, 463, 463, 35, 386, 351, 271, 24, 62, 192, 62, 302, 282, 62, 299, 190, 310, 190, 242, 11, 60, 112, 391, 363, 415, 168, 362, 47, 358, 67, 94, 307, 112, 286, 113, 129, 202, 191, 85, 2, 236, 136, 51, 393, 277, 93, 47, 10, 170, 53, 24, 155, 386, 328, 415, 401, 425, 330, 153, 49, 332, 381, 126, 190, 422, 381, 229, 34, 393, 90, 69, 224, 307, 195, 3, 313, 396, 26, 177, 69, 318, 140, 226, 6, 246, 48, 224, 95, 20, 280, 177, 402, 326, 368, 224, 209, 393, 348, 8, 316, 175, 195, 441, 255, 328, 320, 401, 250, 85, 103, 85, 456, 161, 317, 381, 417, 326, 261, 467, 119, 448, 73, 187, 425, 256, 3, 101, 310, 447, 155, 39, 81, 436, 335, 386, 162, 404, 201, 368, 442, 307, 190, 366, 456, 149, 167, 36, 280, 396, 330, 8, 126, 370, 40, 384, 174, 383, 327, 467, 40, 418, 16, 423, 173, 189, 26, 241, 20, 236, 436, 179, 125, 322, 128, 265, 185, 418, 327, 79, 282, 324, 197, 267, 18, 239, 48, 130, 264, 57, 299, 96, 11, 444, 100, 168, 310, 250, 27, 439, 273, 265, 462, 362, 190, 369, 266, 68, 186, 95, 67, 359, 91, 333, 276, 370, 56, 91, 265, 250, 250, 255, 107, 106, 20, 27, 14, 112, 8, 175, 26, 328, 286, 82, 374, 69, 370, 322, 448, 60, 27, 103, 250, 43, 397, 133, 369, 124, 99, 224, 465, 121, 273, 463, 239, 350, 386, 413, 23, 311, 137, 218, 293, 139, 95, 19, 79, 153, 95, 413, 220, 202, 46, 403, 227, 327, 456, 219, 143, 176, 251, 219, 32, 397, 48, 441, 310, 103, 225, 416, 383, 284, 416, 87, 85, 391, 11, 275, 348, 39, 291, 78, 463, 185, 428, 281, 112, 126, 190, 192, 206, 175, 141, 81, 117, 219, 307, 85, 451, 174, 338, 154, 461, 326, 74, 252, 33, 51, 395, 107, 343, 9, 11, 220, 275, 141, 444, 176, 225, 152, 445, 309, 359, 446, 327, 192, 2, 158, 426, 448, 450, 70, 107, 297, 352, 215, 396, 419, 444, 263, 431, 218, 212, 402, 329, 87, 159, 349, 170, 174, 247, 185, 174, 20, 145, 236, 70, 281, 381, 262, 125, 326, 153, 76, 302, 266, 64, 166, 41, 175, 85, 347, 111, 16, 227, 109, 175, 71, 58, 373, 444, 164, 49, 328, 281, 169, 173, 338, 256, 243, 426, 449, 445, 395, 299, 310, 364, 121, 249, 117, 326, 227, 262, 106, 126, 121, 422, 338, 200, 287, 183, 124, 433, 118, 122, 141, 200, 398, 27, 113, 10, 223, 391, 47, 454, 318, 206, 250, 307, 65, 223, 217, 93, 276, 226, 129, 9, 442, 360, 170, 175, 33, 62, 201, 26, 31, 138, 266, 139, 40, 327, 6, 107, 295, 229, 282, 216, 106, 73, 107, 280, 212, 165, 418, 278, 283, 429, 120, 25, 326, 94, 149, 155, 110, 177, 366, 24, 24, 167, 281, 111, 423, 250, 466, 3, 413, 90, 439, 101, 464, 359, 78, 201, 477, 467, 278, 180, 433, 386, 14, 405, 161, 13, 282, 34, 214, 232, 190, 375, 373, 345, 392, 287, 49, 419, 96, 103, 190, 413, 374, 336, 404, 264, 383, 115, 97, 179, 70, 175, 153, 324, 247, 105, 11, 82, 442, 369, 2, 281, 364, 306, 287, 433, 226, 366, 282, 227, 322, 58, 78, 258, 97, 281, 65, 361, 252, 466, 329, 164, 105, 189, 174, 383, 50, 202, 149, 6, 174, 393, 