K <- 50
N <- 3870
player2 <-
c(215, 295, 117, 220, 185, 361, 463, 398, 48, 199, 133, 111, 342, 171, 275, 256, 315, 11, 214, 190, 122, 227, 401, 380, 126, 246, 169, 84, 250, 75, 447, 448, 126, 121, 81, 429, 142, 114, 106, 138, 330, 177, 70, 129, 406, 237, 138, 86, 3, 75, 51, 214, 321, 106, 226, 85, 265, 270, 416, 216, 441, 227, 20, 424, 325, 355, 234, 65, 191, 165, 11, 49, 153, 153, 243, 420, 112, 67, 60, 120, 64, 178, 428, 327, 145, 318, 280, 156, 239, 415, 58, 419, 80, 305, 401, 374, 71, 226, 299, 317, 155, 422, 280, 324, 267, 11, 309, 258, 441, 418, 112, 382, 20, 222, 310, 98, 191, 418, 217, 174, 386, 454, 395, 187, 239, 413, 250, 302, 71, 190, 32, 26, 138, 278, 472, 165, 202, 89, 350, 223, 149, 155, 275, 307, 190, 56, 468, 326, 176, 433, 202, 398, 445, 236, 211, 402, 381, 8, 399, 361, 446, 468, 200, 361, 36, 181, 236, 245, 190, 363, 115, 2, 424, 69, 404, 128, 100, 401, 100, 400, 31, 67, 284, 47, 18, 373, 87, 429, 327, 417, 214, 153, 80, 20, 345, 200, 345, 175, 388, 345, 342, 97, 13, 20, 433, 118, 16, 240, 16, 403, 176, 304, 380, 200, 71, 395, 60, 178, 325, 419, 189, 246, 366, 40, 384, 70, 243, 88, 473, 107, 445, 348, 112, 262, 330, 51, 413, 189, 417, 11, 226, 227, 121, 466, 14, 366, 288, 168, 19, 115, 350, 373, 192, 234, 27, 413, 81, 316, 63, 405, 116, 190, 98, 329, 246, 19, 96, 359, 358, 258, 90, 225, 120, 217, 89, 150, 452, 374, 40, 162, 466, 145, 177, 456, 426, 161, 187, 214, 211, 9, 186, 371, 234, 255, 267, 200, 104, 299, 18, 404, 222, 296, 112, 31, 282, 263, 323, 337, 190, 323, 133, 100, 103, 149, 198, 129, 333, 297, 350, 190, 223, 338, 236, 445, 240, 71, 381, 11, 37, 288, 242, 85, 280, 302, 441, 226, 3, 250, 248, 307, 101, 395, 181, 271, 154, 159, 110, 190, 242, 214, 2, 20, 273, 206, 421, 429, 105, 94, 293, 307, 43, 101, 376, 127, 391, 220, 400, 347, 90, 393, 155, 429, 177, 18, 14, 305, 47, 39, 271, 418, 446, 429, 375, 316, 325, 287, 369, 75, 430, 153, 65, 240, 281, 356, 40, 390, 396, 370, 322, 99, 169, 211, 336, 393, 190, 226, 97, 442, 375, 78, 282, 310, 14, 364, 463, 241, 25, 158, 286, 70, 27, 449, 93, 202, 299, 308, 456, 39, 468, 20, 32, 460, 345, 126, 190, 40, 25, 61, 6, 406, 139, 26, 218, 214, 397, 48, 90, 161, 348, 38, 70, 261, 245, 224, 11, 348, 50, 233, 368, 467, 240, 275, 14, 305, 419, 419, 461, 236, 226, 299, 413, 382, 401, 31, 100, 107, 313, 93, 129, 41, 297, 224, 103, 190, 239, 71, 6, 214, 441, 332, 258, 200, 367, 322, 122, 39, 39, 413, 462, 461, 248, 367, 177, 316, 174, 381, 87, 180, 459, 81, 50, 47, 190, 56, 406, 73, 348, 155, 269, 466, 33, 149, 85, 287, 19, 90, 267, 201, 310, 3, 143, 130, 316, 103, 281, 47, 220, 81, 115, 100, 450, 195, 468, 131, 101, 174, 313, 140, 318, 397, 451, 71, 20, 60, 330, 8, 6, 191, 413, 107, 53, 315, 337, 110, 71, 217, 90, 90, 337, 147, 327, 442, 142, 214, 374, 417, 43, 9, 186, 421, 161, 69, 190, 446, 299, 90, 375, 445, 316, 261, 13, 359, 255, 7, 275, 237, 380, 118, 380, 281, 393, 74, 346, 3, 68, 265, 161, 70, 124, 441, 71, 65, 335, 191, 466, 96, 190, 265, 96, 148, 187, 70, 58, 60, 361, 110, 424, 280, 191, 327, 381, 116, 212, 81, 276, 254, 251, 162, 46, 138, 186, 193, 247, 60, 34, 58, 370, 100, 421, 128, 207, 39, 40, 138, 46, 216, 167, 441, 393, 192, 9, 387, 362, 174, 451, 190, 49, 69, 402, 243, 396, 362, 262, 214, 211, 282, 141, 267, 381, 151, 85, 385, 342, 378, 301, 161, 69, 2, 422, 266, 357, 366, 64, 8, 426, 40, 275, 208, 347, 317, 424, 250, 324, 24, 200, 428, 316, 60, 133, 306, 265, 319, 221, 71, 214, 95, 225, 155, 324, 441, 117, 366, 49, 291, 50, 415, 256, 209, 3, 457, 239, 425, 69, 225, 90, 161, 164, 281, 434, 11, 139, 263, 175, 124, 190, 177, 52, 445, 276, 250, 122, 149, 42, 380, 401, 250, 250, 373, 125, 429, 386, 133, 233, 433, 149, 151, 111, 102, 138, 47, 124, 95, 151, 273, 447, 60, 317, 287, 8, 326, 25, 73, 210, 393, 419, 360, 22, 413, 139, 41, 47, 456, 396, 119, 195, 60, 151, 185, 445, 136, 204, 406, 250, 26, 368, 217, 258, 248, 84, 266, 300, 261, 393, 97, 69, 85, 282, 51, 33, 413, 196, 468, 415, 391, 297, 95, 39, 34, 266, 388, 444, 71, 280, 395, 370, 136, 413, 84, 124, 429, 174, 147, 383, 388, 255, 65, 218, 248, 214, 402, 85, 361, 39, 287, 78, 33, 155, 342, 71, 384, 175, 173, 8, 321, 152, 310, 287, 342, 271, 313, 71, 3, 58, 429, 153, 393, 20, 158, 276, 312, 90, 6, 144, 27, 289, 180, 114, 232, 144, 224, 280, 307, 211, 442, 40, 166, 124, 306, 280, 439, 413, 90, 215, 37, 237, 68, 27, 49, 425, 190, 93, 336, 190, 362, 23, 69, 288, 126, 310, 361, 118, 138, 93, 199, 471, 250, 197, 121, 173, 464, 195, 190, 123, 237, 71, 261, 271, 275, 11, 40, 468, 349, 278, 88, 354, 92, 82, 265, 447, 463, 338, 439, 93, 6, 63, 324, 280, 70, 224, 62, 435, 2, 391, 136, 40, 23, 328, 201, 425, 3, 240, 307, 62, 293, 402, 58, 124, 402, 122, 190, 48, 81, 153, 202, 190, 393, 310, 376, 445, 445, 280, 16, 91, 472, 366, 258, 412, 313, 163, 326, 40, 397, 195, 154, 307, 320, 142, 179, 103, 446, 464, 446, 374, 257, 138, 214, 444, 49, 297, 250, 351, 192, 195, 461, 107, 208, 112, 19, 326, 138, 239, 150, 433, 64, 423, 202, 6, 49, 224, 390, 8, 382, 141, 166, 358, 95, 324, 351, 214, 105, 103, 317, 349, 370, 201, 202, 90, 262, 174, 312, 187, 358, 450, 373, 234, 114, 217, 10, 62, 111, 179, 278, 179, 351, 299, 103, 143, 398, 282, 26, 419, 219, 420, 288, 161, 329, 348, 126, 138, 422, 215, 286, 20, 293, 380, 447, 318, 149, 424, 33, 424, 282, 426, 165, 138, 327, 439, 69, 421, 287, 8, 170, 137, 428, 261, 70, 472, 151, 190, 92, 365, 452, 365, 100, 327, 65, 200, 287, 36, 359, 445, 446, 258, 418, 365, 335, 214, 138, 214, 375, 387, 48, 70, 205, 201, 179, 26, 227, 199, 254, 165, 186, 113, 85, 287, 366, 395, 244, 192, 226, 66, 70, 97, 23, 262, 203, 227, 307, 61, 76, 48, 191, 3, 73, 295, 122, 38, 9, 241, 329, 375, 200, 383, 430, 90, 13, 244, 215, 163, 373, 444, 286, 342, 195, 365, 119, 247, 106, 200, 391, 471, 96, 128, 315, 454, 6, 146, 422, 68, 207, 8, 190, 365, 342, 252, 151, 416, 271, 117, 49, 216, 242, 159, 422, 264, 380, 124, 7, 133, 27, 103, 109, 69, 121, 155, 196, 242, 207, 158, 302, 387, 281, 329, 462, 33, 267, 423, 275, 39, 22, 327, 65, 71, 368, 190, 343, 299, 385, 330, 259, 93, 155, 386, 197, 208, 322, 202, 179, 49, 425, 66, 103, 106, 473, 7, 424, 335, 124, 345, 173, 62, 92, 429, 175, 418, 47, 66, 406, 454, 295, 265, 310, 287, 455, 96, 156, 310, 23, 27, 280, 396, 295, 40, 121, 151, 229, 445, 332, 40, 190, 227, 34, 280, 263, 286, 418, 102, 456, 88, 397, 254, 444, 214, 8, 159, 190, 357, 305, 95, 250, 167, 199, 105, 237, 278, 448, 442, 236, 81, 460, 243, 370, 287, 26, 381, 307, 223, 96, 153, 71, 287, 122, 448, 472, 396, 22, 164, 370, 267, 202, 452, 165, 191, 445, 236, 9, 69, 93, 411, 356, 416, 423, 327, 327, 90, 287, 78, 18, 141, 192, 103, 112, 100, 287, 113, 75, 8, 250, 310, 126, 351, 179, 143, 282, 304, 255, 32, 467, 211, 216, 388, 386, 445, 168, 154, 198, 88, 252, 198, 156, 6, 287, 118, 178, 328, 286, 449, 398, 375, 295, 176, 101, 142, 423, 393, 200, 242, 49, 121, 20, 214, 281, 415, 126, 161, 19, 134, 338, 397, 271, 397, 155, 362, 129, 441, 236, 386, 273, 299, 11, 370, 111, 391, 424, 150, 356, 126, 361, 103, 104, 280, 93, 40, 337, 158, 139, 282, 131, 40, 9, 316, 27, 447, 35, 356, 111, 250, 151, 405, 125, 434, 60, 169, 46, 433, 112, 122, 76, 85, 411, 397, 329, 20, 278, 460, 187, 142, 27, 439, 402, 326, 264, 168, 393, 445, 65, 140, 186, 443, 107, 194, 35, 246, 128, 202, 243, 448, 467, 444, 449, 40, 2, 64, 423, 18, 306, 176, 57, 129, 335, 16, 40, 120, 445, 179, 276, 303, 302, 138, 139, 169, 293, 179, 52, 373, 96, 7, 127, 426, 36, 240, 291, 325, 139, 345, 201, 405, 316, 260, 297, 332, 141, 384, 345, 62, 43, 102, 391, 85, 168, 145, 227, 287, 120, 111, 449, 162, 145, 76, 357, 348, 40, 9, 124, 48, 38, 130, 431, 190, 191, 327, 383, 422, 393, 199, 287, 25, 345, 38, 138, 342, 51, 418, 81, 115, 89, 391, 92, 381, 36, 265, 6, 32, 397, 2, 173, 367, 65, 418, 112, 219, 403, 266, 282, 327, 426, 222, 26, 19, 128, 105, 49, 400, 372, 90, 214, 347, 366, 195, 250, 66, 11, 60, 250, 227, 97, 222, 227, 456, 326, 387, 267, 144, 348, 142, 282, 102, 126, 118, 22, 87, 214, 252, 337, 191, 243, 374, 70, 20, 255, 313, 140, 326, 81, 227, 318, 33, 76, 140, 359, 91, 