K <- 50
N <- 3870
player2 <-
c(464, 96, 265, 31, 50, 202, 177, 124, 405, 6, 6, 240, 5, 280, 71, 26, 62, 162, 93, 444, 49, 345, 472, 69, 126, 454, 442, 79, 273, 135, 348, 306, 261, 262, 169, 39, 138, 64, 317, 250, 217, 287, 243, 120, 327, 110, 7, 327, 247, 224, 23, 418, 92, 227, 293, 214, 175, 69, 151, 40, 452, 11, 446, 286, 168, 332, 287, 103, 416, 370, 129, 103, 225, 145, 236, 23, 48, 354, 162, 112, 207, 104, 198, 103, 4, 355, 243, 141, 359, 101, 71, 251, 297, 24, 96, 145, 330, 322, 250, 429, 100, 462, 58, 3, 264, 426, 119, 332, 217, 377, 336, 71, 383, 23, 27, 384, 295, 449, 244, 256, 212, 191, 350, 69, 385, 9, 155, 250, 50, 286, 295, 310, 122, 430, 417, 394, 208, 2, 61, 64, 358, 49, 422, 255, 212, 337, 287, 84, 39, 190, 151, 75, 317, 330, 96, 65, 326, 263, 40, 121, 372, 22, 287, 138, 361, 134, 275, 401, 224, 147, 9, 129, 329, 246, 350, 292, 411, 428, 418, 48, 429, 58, 312, 297, 348, 6, 463, 37, 393, 220, 41, 80, 287, 467, 466, 286, 373, 252, 82, 231, 280, 287, 141, 214, 8, 321, 116, 262, 445, 135, 22, 190, 306, 323, 370, 155, 384, 70, 6, 177, 92, 321, 190, 41, 153, 418, 416, 227, 190, 456, 195, 308, 244, 174, 349, 13, 16, 11, 70, 20, 190, 313, 262, 448, 317, 189, 214, 223, 388, 275, 267, 214, 236, 38, 96, 211, 403, 226, 9, 164, 350, 26, 214, 103, 190, 397, 465, 96, 326, 307, 389, 34, 342, 106, 198, 448, 94, 190, 361, 265, 71, 349, 16, 342, 345, 67, 261, 387, 214, 363, 422, 250, 356, 27, 419, 110, 413, 20, 70, 25, 222, 6, 426, 111, 2, 223, 183, 316, 281, 245, 90, 75, 264, 98, 103, 112, 270, 231, 85, 261, 232, 11, 240, 364, 429, 40, 85, 352, 3, 425, 176, 170, 397, 329, 114, 143, 348, 442, 85, 185, 302, 6, 51, 356, 366, 208, 429, 43, 62, 58, 424, 225, 326, 3, 424, 226, 262, 416, 328, 223, 339, 167, 20, 141, 189, 323, 283, 145, 247, 36, 218, 258, 366, 153, 161, 10, 404, 41, 49, 16, 263, 51, 419, 120, 78, 444, 19, 220, 129, 434, 406, 128, 71, 424, 444, 364, 40, 257, 81, 338, 187, 171, 393, 119, 97, 418, 11, 130, 362, 335, 43, 71, 447, 214, 289, 261, 191, 375, 113, 178, 138, 267, 318, 98, 442, 56, 400, 413, 447, 328, 164, 209, 133, 40, 18, 66, 90, 224, 409, 56, 288, 299, 467, 335, 211, 20, 267, 106, 222, 90, 329, 74, 134, 71, 179, 3, 324, 71, 49, 396, 312, 214, 367, 398, 85, 81, 266, 16, 65, 304, 418, 280, 51, 360, 107, 468, 129, 288, 18, 143, 398, 425, 393, 199, 275, 60, 49, 78, 234, 383, 325, 110, 186, 336, 316, 33, 48, 468, 281, 112, 392, 116, 53, 454, 424, 178, 185, 162, 116, 380, 415, 468, 93, 460, 461, 287, 372, 87, 278, 145, 266, 327, 218, 77, 443, 451, 237, 65, 468, 467, 55, 373, 173, 227, 393, 249, 452, 149, 96, 267, 190, 101, 26, 252, 273, 47, 336, 310, 260, 11, 222, 70, 401, 190, 49, 256, 173, 33, 337, 103, 175, 85, 187, 40, 89, 284, 428, 106, 256, 338, 18, 198, 280, 82, 3, 76, 27, 103, 225, 27, 111, 467, 195, 295, 316, 236, 166, 250, 468, 307, 447, 393, 406, 47, 14, 384, 397, 33, 140, 322, 137, 73, 391, 110, 111, 180, 243, 250, 386, 441, 351, 84, 3, 191, 413, 236, 310, 122, 419, 375, 149, 245, 415, 11, 93, 306, 49, 121, 267, 114, 337, 90, 125, 264, 168, 90, 69, 25, 433, 345, 446, 22, 360, 295, 264, 327, 58, 288, 214, 289, 418, 429, 193, 273, 446, 327, 191, 169, 400, 275, 76, 297, 280, 166, 214, 463, 50, 280, 49, 201, 338, 387, 13, 243, 191, 381, 190, 426, 211, 39, 386, 250, 166, 320, 271, 121, 265, 191, 126, 452, 441, 293, 40, 425, 262, 99, 53, 20, 310, 103, 170, 95, 357, 370, 128, 6, 33, 324, 462, 316, 35, 239, 27, 375, 402, 444, 325, 214, 90, 38, 304, 50, 386, 23, 282, 310, 233, 254, 124, 154, 39, 447, 358, 262, 361, 444, 397, 276, 190, 49, 384, 471, 2, 322, 423, 302, 11, 388, 224, 65, 40, 416, 413, 34, 404, 141, 333, 264, 265, 342, 18, 62, 122, 34, 452, 62, 236, 115, 71, 282, 8, 138, 250, 67, 446, 370, 302, 70, 230, 265, 36, 299, 393, 51, 317, 361, 98, 118, 132, 310, 223, 466, 247, 393, 424, 289, 90, 345, 161, 118, 349, 78, 138, 370, 339, 179, 118, 99, 175, 248, 84, 85, 322, 328, 175, 11, 76, 317, 220, 199, 299, 64, 8, 227, 25, 210, 187, 383, 23, 342, 11, 146, 261, 195, 198, 67, 126, 250, 20, 422, 61, 374, 390, 421, 381, 39, 60, 386, 311, 165, 150, 373, 216, 43, 154, 51, 411, 354, 200, 468, 310, 395, 135, 129, 190, 347, 140, 153, 243, 155, 3, 325, 282, 153, 386, 177, 346, 299, 250, 271, 240, 356, 322, 7, 90, 159, 287, 472, 339, 236, 305, 115, 8, 139, 197, 234, 313, 147, 335, 362, 69, 24, 20, 224, 466, 69, 446, 366, 135, 179, 267, 127, 313, 362, 126, 46, 212, 431, 9, 14, 241, 198, 470, 145, 145, 383, 112, 419, 26, 123, 345, 242, 368, 319, 327, 145, 466, 340, 19, 288, 166, 90, 246, 255, 242, 18, 315, 429, 60, 119, 158, 126, 313, 439, 250, 176, 126, 418, 284, 195, 422, 261, 434, 310, 423, 136, 186, 179, 100, 39, 38, 354, 114, 60, 273, 457, 336, 100, 80, 298, 367, 358, 456, 336, 22, 178, 234, 19, 287, 302, 11, 36, 153, 150, 433, 102, 369, 318, 123, 116, 190, 278, 223, 197, 69, 216, 196, 71, 96, 351, 90, 174, 393, 122, 475, 191, 211, 278, 87, 117, 236, 275, 419, 128, 338, 103, 423, 116, 111, 124, 151, 131, 6, 396, 149, 165, 401, 18, 81, 396, 450, 433, 139, 288, 310, 348, 218, 405, 91, 112, 220, 236, 319, 404, 260, 191, 477, 413, 9, 385, 400, 87, 124, 140, 467, 76, 63, 115, 293, 468, 234, 453, 381, 33, 386, 32, 121, 271, 287, 455, 186, 442, 262, 220, 418, 398, 393, 51, 201, 258, 359, 27, 131, 428, 200, 85, 251, 417, 278, 367, 167, 401, 397, 348, 78, 227, 42, 14, 327, 299, 297, 2, 258, 446, 306, 418, 452, 187, 48, 179, 360, 70, 460, 179, 454, 34, 333, 368, 112, 86, 40, 472, 468, 433, 263, 135, 190, 291, 2, 133, 250, 265, 337, 283, 120, 327, 9, 123, 51, 406, 445, 378, 456, 56, 224, 463, 299, 67, 444, 393, 367, 310, 356, 190, 299, 100, 287, 335, 361, 441, 214, 349, 103, 436, 222, 383, 84, 141, 243, 469, 195, 348, 282, 224, 190, 384, 16, 117, 141, 197, 190, 51, 305, 138, 200, 65, 91, 239, 138, 155, 199, 350, 348, 250, 280, 112, 16, 48, 215, 329, 199, 60, 16, 387, 226, 310, 174, 270, 6, 99, 287, 200, 132, 89, 89, 115, 167, 90, 70, 291, 169, 121, 190, 358, 430, 168, 124, 162, 306, 153, 326, 49, 284, 275, 190, 149, 315, 32, 155, 53, 282, 24, 391, 435, 374, 145, 276, 295, 250, 158, 132, 397, 300, 155, 214, 348, 237, 297, 237, 95, 137, 138, 265, 69, 66, 93, 153, 337, 40, 345, 362, 402, 368, 415, 390, 158, 87, 436, 47, 65, 190, 113, 130, 439, 197, 340, 93, 224, 112, 452, 340, 126, 322, 64, 71, 267, 373, 281, 245, 287, 75, 126, 129, 110, 112, 234, 214, 97, 47, 126, 413, 85, 461, 299, 305, 415, 260, 200, 161, 166, 96, 446, 6, 49, 471, 101, 405, 310, 85, 51, 358, 310, 129, 9, 101, 61, 327, 276, 252, 470, 186, 429, 35, 111, 301, 192, 345, 247, 32, 397, 68, 81, 442, 102, 347, 286, 393, 207, 361, 3, 263, 176, 442, 190, 181, 355, 49, 252, 291, 53, 234, 250, 127, 85, 313, 53, 250, 388, 219, 127, 381, 8, 280, 60, 324, 41, 153, 299, 190, 47, 36, 6, 106, 313, 101, 359, 4, 229, 445, 455, 190, 116, 36, 287, 101, 3, 218, 105, 318, 218, 310, 26, 281, 304, 183, 267, 85, 229, 315, 17, 76, 278, 68, 140, 365, 8, 62, 305, 43, 102, 244, 406, 39, 332, 254, 371, 413, 20, 250, 103, 81, 97, 190, 383, 396, 164, 101, 88, 168, 186, 148, 445, 343, 391, 143, 393, 179, 255, 31, 211, 287, 435, 153, 283, 22, 402, 190, 284, 282, 318, 287, 124, 355, 444, 124, 305, 27, 282, 307, 370, 62, 214, 316, 468, 280, 179, 413, 179, 53, 62, 124, 445, 27, 455, 138, 71, 286, 234, 60, 174, 416, 413, 96, 368, 190, 149, 323, 398, 240, 242, 122, 342, 8, 116, 303, 200, 89, 260, 405, 69, 214, 348, 327, 218, 176, 69, 336, 289, 25, 126, 139, 47, 153, 185, 88, 228, 31, 375, 139, 250, 98, 124, 110, 34, 202, 3, 377, 305, 393, 406, 217, 20, 100, 166, 402, 216, 359, 78, 233, 40, 156, 2, 280, 273, 289, 256, 472, 236, 361, 452, 338, 324, 250, 428, 191, 239, 47, 466, 359, 247, 350, 11, 373, 328, 255, 463, 330, 85, 273, 236, 42, 100, 14, 457, 223, 189, 229, 475, 95, 70, 237, 220, 275, 104, 356, 318, 190, 322, 126, 143, 381, 115, 247, 147, 190, 112, 40, 149, 37, 43, 317, 396, 126, 302, 425, 229, 2, 250, 450, 239, 18, 71, 381, 48, 99, 255, 278, 424, 216, 370, 227, 226, 226, 234, 302, 101, 116, 375, 113, 145, 433, 138, 79, 254, 69, 396, 248, 191, 418, 85, 284, 422, 351, 214, 463, 49, 280, 325, 439, 192, 11, 255, 299, 