K <- 50
N <- 3870
player2 <-
c(138, 113, 381, 69, 14, 277, 96, 287, 101, 47, 239, 349, 466, 12, 381, 437, 40, 53, 247, 375, 49, 100, 101, 214, 84, 90, 388, 101, 252, 175, 255, 396, 116, 167, 239, 373, 110, 419, 129, 181, 276, 2, 16, 36, 471, 120, 443, 47, 270, 336, 58, 90, 43, 307, 316, 456, 342, 150, 39, 280, 66, 422, 267, 120, 418, 318, 362, 18, 11, 92, 176, 130, 26, 307, 467, 445, 339, 339, 307, 226, 375, 405, 112, 81, 169, 287, 447, 198, 286, 114, 70, 48, 397, 161, 330, 180, 70, 234, 127, 7, 27, 362, 237, 283, 8, 388, 139, 139, 97, 100, 310, 438, 140, 377, 382, 332, 250, 278, 71, 115, 202, 187, 11, 264, 81, 9, 89, 159, 24, 234, 124, 58, 232, 326, 47, 118, 302, 419, 382, 179, 418, 250, 53, 332, 45, 351, 127, 164, 287, 434, 329, 308, 382, 190, 49, 70, 463, 397, 159, 380, 282, 167, 117, 88, 362, 201, 236, 145, 201, 397, 2, 71, 452, 325, 419, 236, 38, 116, 401, 332, 104, 115, 219, 200, 452, 197, 6, 88, 115, 468, 112, 380, 393, 337, 217, 439, 10, 375, 348, 9, 395, 265, 278, 179, 6, 167, 135, 357, 100, 275, 416, 174, 418, 351, 371, 121, 48, 138, 307, 151, 110, 388, 310, 96, 456, 9, 390, 391, 297, 22, 280, 261, 70, 236, 328, 267, 187, 385, 381, 19, 124, 302, 70, 287, 326, 200, 189, 419, 8, 433, 141, 168, 185, 357, 138, 98, 149, 343, 335, 237, 275, 244, 174, 381, 293, 175, 190, 153, 307, 387, 58, 280, 77, 63, 357, 206, 321, 329, 47, 134, 94, 6, 100, 406, 155, 27, 439, 465, 250, 89, 333, 120, 468, 166, 82, 444, 263, 3, 18, 380, 446, 428, 342, 71, 163, 122, 198, 208, 422, 71, 264, 138, 448, 48, 436, 190, 310, 124, 116, 190, 271, 70, 413, 190, 444, 329, 287, 359, 154, 39, 451, 444, 151, 340, 299, 310, 65, 227, 441, 250, 391, 6, 406, 124, 336, 470, 444, 166, 23, 174, 196, 190, 177, 409, 411, 64, 245, 190, 462, 175, 138, 390, 332, 117, 233, 105, 90, 107, 280, 70, 343, 115, 71, 78, 365, 287, 61, 381, 132, 22, 133, 466, 103, 9, 158, 313, 330, 269, 349, 358, 330, 62, 89, 223, 122, 472, 174, 68, 121, 214, 33, 310, 99, 390, 286, 16, 95, 101, 306, 3, 215, 468, 315, 377, 336, 214, 367, 123, 234, 9, 147, 101, 23, 288, 49, 221, 103, 11, 316, 151, 78, 400, 467, 241, 393, 176, 273, 224, 214, 139, 26, 425, 447, 306, 214, 84, 47, 339, 118, 267, 468, 140, 226, 140, 329, 11, 112, 183, 267, 3, 262, 287, 423, 380, 149, 40, 127, 103, 263, 57, 381, 135, 452, 310, 368, 73, 246, 339, 327, 71, 418, 56, 393, 187, 316, 40, 202, 73, 107, 287, 69, 175, 120, 167, 468, 126, 155, 8, 273, 368, 48, 92, 26, 349, 22, 10, 287, 51, 47, 189, 351, 287, 386, 287, 261, 6, 239, 27, 141, 468, 112, 95, 75, 415, 192, 40, 396, 27, 444, 20, 121, 23, 347, 416, 98, 202, 178, 182, 41, 348, 236, 306, 64, 329, 101, 329, 225, 104, 381, 386, 60, 115, 418, 280, 273, 53, 262, 297, 141, 45, 149, 32, 47, 297, 413, 140, 370, 361, 436, 238, 257, 310, 141, 349, 168, 240, 415, 328, 399, 234, 187, 42, 346, 295, 237, 321, 370, 214, 155, 40, 469, 262, 439, 24, 176, 60, 366, 324, 190, 462, 439, 175, 304, 34, 391, 190, 140, 96, 361, 58, 39, 179, 67, 415, 218, 106, 47, 236, 81, 271, 100, 96, 426, 237, 307, 446, 446, 9, 383, 106, 222, 306, 267, 328, 386, 106, 384, 95, 33, 444, 161, 126, 418, 447, 27, 236, 155, 214, 298, 124, 87, 326, 444, 87, 250, 105, 337, 336, 403, 281, 190, 60, 97, 382, 20, 326, 65, 391, 315, 236, 265, 444, 255, 365, 462, 31, 47, 387, 47, 112, 236, 191, 190, 250, 113, 190, 342, 327, 237, 465, 100, 220, 190, 426, 45, 95, 237, 193, 214, 250, 236, 260, 444, 284, 463, 463, 190, 43, 47, 158, 368, 40, 454, 444, 469, 278, 370, 100, 220, 429, 49, 79, 43, 195, 261, 79, 85, 2, 275, 190, 348, 33, 22, 471, 288, 467, 214, 239, 97, 422, 58, 106, 378, 330, 222, 48, 229, 244, 80, 13, 265, 229, 239, 275, 374, 287, 51, 98, 418, 29, 273, 429, 299, 47, 384, 134, 224, 460, 337, 468, 313, 378, 430, 246, 419, 115, 127, 297, 93, 361, 293, 126, 96, 199, 71, 179, 51, 281, 306, 288, 165, 26, 186, 356, 190, 138, 81, 133, 220, 114, 120, 247, 49, 155, 234, 255, 366, 27, 97, 473, 16, 421, 445, 298, 154, 385, 161, 40, 239, 38, 375, 250, 189, 339, 93, 426, 338, 413, 444, 195, 462, 287, 124, 413, 27, 31, 40, 393, 16, 189, 58, 324, 255, 29, 124, 366, 218, 18, 190, 121, 327, 141, 226, 421, 405, 375, 81, 426, 60, 282, 229, 321, 211, 197, 11, 463, 164, 85, 127, 103, 446, 190, 190, 267, 460, 236, 386, 280, 137, 155, 263, 169, 375, 23, 370, 9, 239, 214, 31, 179, 20, 468, 85, 295, 39, 226, 325, 386, 192, 112, 265, 393, 446, 220, 361, 462, 29, 265, 436, 237, 423, 281, 250, 298, 93, 416, 73, 158, 260, 138, 81, 32, 81, 243, 400, 322, 190, 401, 418, 168, 51, 143, 174, 154, 354, 111, 166, 413, 387, 463, 280, 96, 43, 273, 258, 350, 18, 70, 393, 107, 458, 16, 329, 411, 422, 442, 121, 327, 446, 112, 185, 280, 190, 375, 321, 39, 218, 439, 299, 43, 130, 361, 425, 463, 20, 90, 391, 383, 138, 164, 62, 424, 126, 429, 73, 60, 190, 305, 444, 139, 445, 477, 20, 245, 256, 456, 81, 88, 266, 2, 145, 16, 302, 316, 349, 8, 359, 18, 271, 126, 171, 27, 48, 158, 116, 280, 23, 315, 69, 439, 153, 366, 439, 246, 120, 267, 11, 295, 40, 445, 168, 402, 416, 222, 11, 202, 73, 27, 302, 16, 93, 40, 418, 309, 201, 57, 422, 449, 278, 452, 305, 348, 262, 263, 164, 3, 190, 25, 85, 124, 315, 88, 287, 149, 148, 190, 347, 350, 255, 255, 287, 333, 187, 39, 199, 60, 40, 64, 27, 388, 156, 442, 38, 88, 92, 98, 191, 237, 349, 69, 383, 380, 426, 37, 71, 60, 33, 64, 169, 67, 40, 6, 273, 349, 460, 27, 96, 228, 415, 131, 201, 27, 247, 263, 372, 237, 43, 335, 255, 50, 239, 99, 85, 339, 176, 145, 393, 14, 456, 305, 381, 216, 43, 345, 247, 305, 181, 100, 214, 13, 147, 71, 23, 190, 174, 450, 8, 351, 122, 429, 468, 246, 473, 3, 129, 51, 297, 258, 244, 234, 280, 460, 465, 318, 184, 200, 287, 56, 388, 299, 106, 90, 26, 310, 219, 306, 126, 6, 345, 361, 102, 326, 128, 255, 201, 463, 35, 149, 127, 282, 190, 155, 174, 227, 445, 240, 147, 13, 381, 229, 207, 212, 375, 2, 161, 373, 319, 265, 162, 398, 2, 176, 22, 283, 185, 316, 133, 226, 302, 135, 11, 35, 200, 190, 140, 286, 348, 190, 446, 17, 32, 463, 129, 49, 393, 178, 168, 243, 413, 33, 339, 186, 207, 8, 342, 193, 199, 428, 455, 329, 275, 293, 210, 347, 439, 198, 266, 226, 258, 246, 227, 99, 155, 324, 393, 199, 418, 299, 330, 282, 190, 13, 81, 282, 466, 413, 145, 122, 413, 459, 9, 85, 357, 116, 287, 60, 366, 175, 287, 39, 141, 6, 204, 282, 189, 407, 112, 96, 207, 316, 348, 275, 288, 202, 190, 18, 65, 310, 264, 133, 215, 433, 227, 15, 158, 433, 27, 89, 365, 444, 48, 30, 433, 118, 211, 107, 233, 310, 282, 164, 199, 197, 433, 131, 464, 174, 64, 247, 37, 132, 307, 403, 19, 90, 239, 53, 129, 214, 346, 51, 467, 393, 34, 224, 149, 91, 40, 339, 233, 299, 43, 263, 441, 370, 22, 324, 286, 426, 236, 424, 369, 85, 265, 176, 190, 112, 281, 456, 391, 85, 383, 317, 456, 115, 226, 258, 131, 71, 103, 7, 202, 8, 243, 69, 212, 103, 135, 81, 234, 20, 365, 237, 62, 448, 307, 162, 132, 250, 262, 209, 11, 362, 310, 466, 243, 477, 214, 159, 430, 428, 179, 237, 179, 40, 217, 354, 363, 348, 90, 190, 145, 220, 126, 155, 162, 49, 448, 126, 398, 316, 202, 405, 413, 421, 413, 322, 430, 420, 71, 224, 133, 36, 187, 352, 381, 198, 90, 191, 417, 42, 297, 280, 250, 333, 448, 325, 49, 456, 102, 147, 151, 459, 134, 210, 405, 26, 50, 250, 452, 88, 214, 413, 70, 185, 47, 310, 75, 6, 195, 16, 402, 448, 411, 170, 364, 348, 171, 221, 103, 128, 40, 310, 118, 104, 377, 9, 277, 267, 264, 254, 11, 417, 174, 240, 348, 121, 40, 425, 147, 365, 445, 444, 145, 471, 112, 226, 120, 77, 434, 81, 223, 318, 270, 424, 429, 324, 66, 260, 85, 307, 246, 2, 240, 335, 350, 422, 20, 186, 287, 315, 447, 217, 177, 163, 103, 424, 212, 149, 288, 96, 424, 316, 322, 147, 286, 462, 327, 271, 418, 2, 345, 236, 307, 219, 242, 356, 121, 250, 173, 42, 58, 429, 10, 327, 326, 100, 477, 33, 276, 90, 381, 321, 2, 39, 153, 293, 321, 192, 336, 190, 446, 123, 85, 297, 335, 444, 359, 429, 462, 295, 263, 115, 107, 318, 439, 105, 141, 201, 163, 78, 308, 90, 190, 76, 117, 16, 187, 471, 413, 370, 466, 190, 139, 240, 452, 299, 103, 187, 69, 447, 368, 299, 237, 151, 246, 357, 243, 373, 73, 310, 24, 333, 327, 230, 394, 393, 283, 360, 357, 370, 202, 337, 2, 445, 26, 212, 105, 422, 267, 70, 186, 280, 94, 260, 229, 237, 112, 406, 36, 287, 