K <- 50
N <- 3870
player2 <-
c(237, 61, 100, 5, 346, 115, 185, 227, 289, 112, 9, 51, 318, 252, 275, 362, 175, 26, 385, 400, 273, 282, 404, 158, 214, 357, 11, 386, 223, 151, 471, 264, 49, 421, 366, 207, 368, 96, 127, 101, 293, 155, 41, 40, 117, 13, 242, 280, 345, 151, 359, 424, 96, 250, 130, 67, 139, 66, 100, 175, 11, 103, 446, 214, 309, 85, 104, 47, 295, 116, 70, 207, 113, 282, 361, 391, 129, 335, 384, 3, 278, 288, 297, 471, 144, 339, 427, 403, 311, 405, 68, 224, 129, 242, 154, 133, 250, 161, 198, 40, 153, 202, 2, 58, 310, 153, 174, 236, 58, 406, 201, 402, 243, 7, 216, 393, 24, 237, 6, 69, 117, 78, 370, 132, 299, 135, 244, 218, 151, 62, 97, 267, 383, 240, 338, 339, 307, 463, 462, 20, 326, 390, 250, 267, 214, 71, 84, 48, 424, 124, 382, 43, 20, 123, 356, 256, 361, 27, 214, 93, 133, 286, 127, 282, 37, 190, 454, 263, 174, 214, 148, 69, 40, 261, 459, 337, 247, 318, 472, 129, 137, 287, 387, 81, 406, 281, 276, 206, 42, 380, 243, 439, 247, 89, 164, 281, 58, 47, 112, 91, 143, 87, 327, 357, 456, 18, 16, 456, 400, 71, 310, 93, 113, 336, 145, 43, 459, 322, 207, 103, 6, 441, 349, 62, 124, 116, 316, 17, 90, 445, 20, 256, 177, 55, 297, 278, 201, 168, 237, 176, 66, 395, 33, 58, 107, 23, 445, 281, 377, 406, 266, 370, 176, 362, 71, 348, 295, 150, 366, 282, 220, 283, 2, 58, 201, 372, 444, 354, 426, 370, 40, 214, 442, 381, 155, 468, 196, 287, 456, 70, 67, 399, 102, 366, 252, 444, 164, 190, 4, 258, 112, 359, 49, 7, 258, 69, 456, 369, 102, 441, 71, 363, 280, 186, 393, 26, 282, 400, 400, 32, 20, 26, 214, 90, 88, 249, 122, 51, 421, 177, 48, 47, 159, 351, 226, 393, 140, 280, 332, 348, 222, 114, 278, 324, 265, 310, 62, 286, 201, 40, 129, 149, 179, 129, 338, 212, 19, 450, 273, 198, 351, 286, 416, 88, 349, 404, 82, 444, 456, 147, 58, 345, 429, 43, 457, 327, 277, 302, 366, 267, 375, 351, 140, 359, 124, 471, 393, 95, 114, 231, 462, 469, 124, 355, 397, 3, 177, 95, 250, 8, 345, 190, 126, 214, 14, 429, 61, 370, 118, 122, 363, 391, 413, 288, 111, 53, 41, 85, 385, 204, 237, 286, 27, 467, 309, 60, 470, 85, 155, 192, 332, 135, 445, 158, 91, 468, 18, 62, 384, 467, 441, 100, 128, 468, 207, 64, 439, 366, 233, 403, 13, 103, 145, 171, 339, 250, 191, 446, 3, 295, 370, 85, 297, 129, 468, 439, 308, 467, 281, 187, 167, 386, 151, 349, 7, 170, 97, 36, 406, 176, 442, 216, 417, 71, 81, 53, 373, 27, 400, 467, 345, 118, 462, 387, 243, 27, 293, 6, 458, 374, 105, 444, 99, 467, 195, 432, 116, 99, 149, 223, 90, 110, 373, 296, 456, 38, 104, 338, 14, 186, 425, 70, 234, 288, 185, 161, 31, 103, 120, 34, 429, 32, 211, 303, 122, 49, 154, 261, 207, 176, 280, 282, 19, 287, 186, 161, 418, 227, 328, 418, 101, 287, 191, 243, 214, 114, 445, 56, 466, 375, 128, 286, 199, 359, 98, 209, 248, 145, 124, 48, 39, 255, 326, 50, 260, 197, 328, 289, 297, 190, 460, 466, 22, 262, 361, 62, 202, 446, 201, 24, 328, 40, 332, 122, 323, 69, 179, 78, 69, 280, 174, 46, 97, 2, 397, 36, 267, 318, 118, 149, 110, 62, 195, 370, 98, 310, 223, 393, 6, 286, 214, 39, 282, 158, 260, 36, 90, 155, 358, 89, 143, 26, 260, 49, 348, 405, 222, 309, 102, 43, 398, 445, 27, 93, 198, 381, 391, 316, 149, 404, 111, 145, 121, 299, 351, 96, 164, 109, 64, 65, 370, 367, 336, 381, 226, 426, 419, 406, 227, 449, 448, 362, 299, 415, 142, 280, 138, 100, 51, 258, 81, 471, 40, 349, 26, 307, 66, 250, 161, 195, 264, 397, 162, 315, 443, 456, 438, 452, 358, 41, 211, 244, 335, 313, 71, 103, 428, 82, 287, 468, 195, 429, 287, 396, 6, 391, 323, 131, 176, 7, 133, 342, 218, 357, 105, 111, 287, 190, 85, 470, 11, 179, 158, 239, 223, 174, 9, 6, 298, 18, 349, 313, 362, 92, 124, 138, 359, 71, 27, 166, 222, 208, 173, 133, 316, 182, 200, 141, 430, 197, 416, 465, 212, 275, 330, 382, 191, 316, 237, 211, 112, 434, 430, 299, 11, 189, 371, 310, 147, 200, 9, 422, 329, 240, 53, 190, 186, 311, 281, 190, 446, 464, 236, 402, 74, 90, 171, 368, 145, 278, 69, 306, 212, 36, 239, 140, 301, 186, 374, 326, 135, 161, 442, 90, 417, 452, 214, 288, 69, 149, 65, 424, 452, 51, 66, 250, 444, 250, 189, 250, 236, 162, 447, 472, 10, 27, 48, 168, 286, 142, 326, 357, 149, 288, 200, 35, 396, 247, 190, 121, 69, 380, 148, 101, 467, 444, 273, 320, 90, 47, 358, 39, 126, 345, 112, 93, 423, 51, 96, 120, 326, 38, 250, 8, 425, 114, 236, 118, 273, 252, 401, 293, 282, 322, 67, 79, 452, 2, 214, 330, 60, 434, 241, 380, 270, 317, 81, 265, 168, 129, 196, 460, 8, 138, 327, 313, 27, 366, 150, 90, 345, 460, 282, 96, 9, 20, 180, 292, 391, 461, 250, 424, 53, 287, 227, 263, 245, 191, 166, 423, 246, 26, 424, 311, 164, 118, 62, 158, 325, 302, 122, 226, 71, 70, 260, 60, 47, 244, 352, 42, 391, 102, 11, 462, 262, 234, 250, 336, 162, 180, 20, 143, 179, 238, 370, 348, 418, 243, 418, 326, 387, 49, 367, 159, 191, 327, 327, 162, 338, 373, 262, 347, 220, 173, 402, 116, 227, 174, 189, 267, 316, 121, 439, 187, 153, 224, 250, 374, 316, 200, 250, 202, 59, 468, 163, 209, 214, 261, 189, 473, 463, 375, 278, 317, 261, 391, 247, 70, 250, 442, 47, 224, 222, 429, 10, 67, 139, 370, 349, 158, 193, 200, 324, 214, 164, 365, 192, 84, 189, 343, 255, 71, 413, 477, 70, 179, 60, 401, 40, 169, 60, 58, 396, 288, 210, 468, 368, 151, 267, 182, 2, 16, 179, 3, 293, 142, 27, 453, 444, 302, 373, 307, 280, 167, 223, 402, 265, 192, 31, 191, 22, 445, 276, 23, 430, 330, 430, 155, 348, 396, 214, 413, 324, 198, 295, 88, 393, 101, 112, 101, 156, 381, 27, 212, 85, 420, 456, 351, 413, 365, 120, 364, 96, 219, 56, 151, 297, 329, 117, 111, 180, 158, 468, 153, 287, 18, 328, 51, 58, 419, 343, 472, 85, 425, 386, 325, 416, 51, 439, 468, 139, 264, 153, 98, 275, 413, 198, 450, 184, 208, 451, 239, 444, 199, 418, 190, 240, 237, 12, 278, 454, 280, 34, 51, 333, 463, 276, 34, 402, 386, 365, 6, 40, 218, 71, 116, 137, 400, 326, 415, 204, 126, 168, 226, 418, 329, 342, 435, 171, 287, 283, 445, 153, 237, 121, 216, 405, 370, 97, 16, 326, 342, 19, 2, 280, 313, 275, 3, 3, 110, 297, 16, 391, 403, 14, 393, 119, 214, 162, 265, 217, 193, 98, 126, 105, 220, 103, 48, 22, 20, 266, 103, 415, 456, 122, 218, 452, 416, 70, 37, 69, 161, 42, 204, 236, 192, 185, 329, 383, 239, 457, 298, 46, 386, 151, 329, 233, 415, 229, 133, 386, 173, 53, 139, 71, 419, 271, 273, 87, 287, 117, 295, 147, 117, 302, 313, 71, 109, 193, 58, 359, 348, 310, 190, 22, 163, 276, 329, 71, 49, 60, 229, 6, 283, 47, 413, 429, 262, 444, 445, 90, 190, 361, 64, 465, 70, 403, 445, 207, 13, 201, 282, 111, 29, 324, 381, 60, 444, 424, 71, 115, 443, 380, 26, 446, 214, 358, 311, 159, 49, 439, 202, 444, 280, 233, 36, 85, 7, 14, 71, 107, 266, 124, 231, 256, 317, 64, 69, 126, 75, 288, 11, 40, 422, 16, 76, 78, 190, 14, 330, 287, 460, 450, 53, 260, 93, 297, 179, 397, 433, 168, 400, 401, 141, 85, 243, 25, 388, 400, 63, 425, 426, 8, 64, 128, 226, 50, 387, 425, 310, 179, 337, 48, 81, 70, 406, 112, 45, 471, 441, 455, 18, 371, 156, 446, 214, 473, 50, 176, 196, 391, 194, 327, 275, 236, 315, 145, 266, 472, 3, 339, 322, 429, 214, 96, 179, 324, 423, 103, 175, 381, 255, 158, 429, 36, 147, 29, 463, 475, 190, 40, 102, 50, 329, 271, 416, 62, 88, 129, 76, 365, 192, 223, 2, 348, 41, 71, 278, 16, 463, 94, 11, 367, 85, 130, 101, 85, 16, 216, 276, 90, 39, 418, 149, 167, 47, 240, 85, 154, 39, 39, 97, 153, 248, 40, 252, 185, 415, 77, 348, 375, 351, 317, 185, 168, 89, 126, 23, 155, 20, 310, 465, 330, 85, 444, 462, 286, 441, 13, 115, 176, 143, 377, 393, 125, 8, 250, 381, 38, 89, 475, 433, 370, 6, 96, 430, 377, 368, 469, 250, 307, 262, 369, 90, 362, 40, 436, 182, 396, 262, 378, 322, 47, 141, 214, 425, 275, 99, 200, 152, 39, 82, 122, 169, 69, 190, 335, 222, 64, 380, 118, 308, 174, 186, 140, 110, 49, 166, 67, 464, 295, 212, 460, 165, 106, 129, 288, 47, 359, 273, 40, 226, 287, 121, 378, 444, 261, 81, 357, 67, 100, 32, 282, 357, 251, 170, 428, 224, 103, 305, 63, 220, 263, 305, 226, 401, 94, 456, 267, 287, 327, 38, 258, 137, 255, 96, 144, 445, 398, 441, 433, 365, 190, 219, 185, 179, 463, 27, 140, 142, 413, 401, 345, 266, 460, 433, 356, 113, 161, 452, 40, 175, 11, 124, 112, 186, 33, 118, 100, 383, 380, 317, 118, 132, 271, 338, 455, 20, 3, 227, 90, 211, 26, 250, 227, 447, 200, 228, 281, 133, 125, 94, 170, 424, 6, 342, 429, 42, 355, 224, 242, 224, 287, 280, 375, 302, 328, 112, 446, 328, 223, 