K <- 50
N <- 3870
player2 <-
c(85, 36, 380, 2, 236, 50, 240, 129, 357, 388, 190, 393, 282, 199, 175, 468, 298, 3, 159, 250, 85, 281, 247, 215, 243, 265, 5, 302, 236, 267, 161, 349, 112, 51, 209, 227, 319, 96, 403, 304, 96, 129, 282, 396, 250, 141, 307, 282, 217, 275, 459, 23, 48, 397, 250, 382, 2, 310, 159, 145, 396, 391, 173, 426, 348, 427, 9, 198, 396, 78, 348, 126, 351, 469, 284, 97, 250, 332, 383, 61, 101, 278, 202, 254, 130, 423, 135, 328, 118, 261, 349, 357, 214, 214, 397, 456, 187, 200, 96, 404, 458, 370, 255, 200, 326, 107, 11, 42, 67, 248, 69, 221, 101, 280, 20, 136, 386, 375, 112, 2, 313, 48, 247, 103, 252, 65, 324, 33, 327, 245, 236, 381, 260, 391, 413, 423, 343, 71, 222, 71, 88, 404, 186, 126, 328, 395, 250, 136, 368, 386, 429, 91, 168, 358, 231, 381, 286, 66, 362, 295, 422, 469, 174, 218, 466, 93, 135, 266, 459, 370, 466, 226, 180, 94, 424, 444, 322, 383, 202, 339, 441, 179, 429, 49, 124, 373, 333, 236, 71, 220, 127, 467, 286, 111, 284, 306, 88, 321, 229, 58, 81, 397, 227, 460, 411, 204, 430, 195, 299, 93, 243, 103, 198, 284, 310, 354, 473, 373, 164, 250, 18, 318, 468, 192, 214, 190, 7, 242, 327, 158, 60, 236, 71, 246, 214, 263, 373, 201, 186, 336, 70, 71, 76, 362, 199, 195, 306, 429, 446, 452, 218, 444, 174, 288, 200, 40, 80, 415, 179, 467, 220, 26, 452, 69, 195, 147, 223, 158, 271, 190, 36, 419, 177, 307, 103, 325, 271, 222, 358, 416, 124, 347, 117, 237, 69, 173, 170, 81, 400, 444, 178, 18, 61, 358, 168, 250, 50, 460, 88, 116, 426, 406, 126, 267, 240, 90, 29, 89, 153, 411, 125, 324, 417, 18, 202, 53, 273, 129, 223, 299, 94, 287, 90, 202, 401, 346, 364, 377, 383, 468, 2, 118, 117, 369, 320, 439, 275, 366, 119, 198, 49, 207, 265, 393, 40, 445, 121, 466, 307, 50, 429, 90, 329, 69, 418, 400, 329, 251, 391, 250, 32, 149, 79, 305, 305, 177, 425, 3, 237, 167, 64, 381, 316, 202, 386, 359, 307, 27, 269, 299, 204, 337, 460, 40, 227, 214, 88, 296, 123, 214, 348, 362, 25, 100, 63, 273, 129, 286, 155, 291, 190, 7, 307, 127, 293, 276, 413, 227, 329, 58, 171, 154, 327, 190, 438, 380, 202, 261, 461, 345, 280, 425, 293, 240, 262, 159, 149, 362, 475, 246, 368, 357, 63, 361, 78, 299, 73, 180, 275, 435, 3, 338, 327, 189, 141, 366, 327, 185, 191, 376, 205, 461, 82, 425, 234, 107, 90, 372, 351, 127, 326, 335, 78, 43, 97, 169, 166, 214, 270, 386, 275, 176, 6, 441, 122, 439, 404, 228, 286, 426, 332, 245, 373, 76, 477, 2, 51, 84, 190, 381, 96, 404, 385, 227, 393, 156, 122, 295, 284, 6, 183, 465, 381, 456, 57, 301, 161, 324, 168, 200, 278, 109, 91, 347, 339, 327, 138, 406, 62, 442, 299, 100, 305, 78, 227, 281, 192, 298, 444, 180, 20, 426, 287, 40, 338, 175, 459, 265, 287, 362, 190, 363, 118, 229, 252, 161, 252, 190, 384, 127, 47, 236, 370, 35, 424, 418, 23, 275, 316, 419, 246, 397, 11, 455, 96, 187, 153, 128, 220, 22, 261, 336, 26, 49, 302, 434, 101, 124, 382, 32, 99, 391, 49, 302, 282, 129, 280, 276, 381, 289, 351, 174, 470, 415, 364, 385, 225, 22, 140, 87, 368, 90, 236, 155, 3, 139, 239, 377, 297, 175, 161, 38, 66, 340, 351, 401, 116, 345, 71, 158, 365, 339, 118, 329, 316, 281, 100, 420, 94, 299, 181, 240, 26, 190, 390, 468, 190, 382, 403, 422, 330, 410, 100, 117, 409, 202, 43, 441, 244, 402, 142, 456, 169, 393, 289, 202, 11, 446, 22, 70, 419, 214, 199, 8, 331, 356, 9, 267, 103, 161, 16, 345, 366, 53, 6, 288, 250, 247, 371, 143, 339, 238, 165, 361, 86, 176, 137, 360, 107, 27, 138, 309, 345, 445, 173, 198, 40, 162, 395, 329, 173, 226, 287, 288, 158, 444, 64, 142, 374, 326, 149, 456, 31, 246, 6, 103, 452, 471, 196, 224, 50, 383, 216, 147, 155, 84, 405, 81, 255, 149, 436, 155, 250, 421, 120, 62, 345, 368, 32, 36, 58, 190, 425, 240, 228, 258, 287, 224, 132, 260, 467, 347, 365, 24, 246, 429, 179, 23, 374, 20, 147, 223, 73, 309, 463, 348, 51, 75, 65, 370, 190, 431, 24, 49, 393, 378, 192, 245, 273, 31, 223, 310, 265, 275, 339, 306, 112, 364, 85, 198, 330, 8, 295, 64, 18, 195, 267, 79, 81, 145, 48, 255, 352, 223, 78, 261, 95, 286, 96, 299, 153, 71, 3, 220, 360, 20, 444, 396, 112, 381, 113, 422, 85, 234, 373, 400, 242, 304, 14, 25, 448, 276, 250, 382, 311, 338, 306, 177, 201, 369, 413, 425, 222, 465, 256, 418, 201, 227, 395, 265, 441, 26, 289, 280, 229, 442, 196, 281, 393, 201, 275, 119, 49, 337, 310, 142, 78, 35, 402, 190, 278, 266, 190, 37, 374, 267, 310, 47, 162, 69, 237, 112, 84, 446, 182, 445, 475, 250, 397, 400, 171, 365, 327, 327, 239, 115, 58, 48, 287, 400, 8, 284, 181, 250, 313, 261, 70, 115, 248, 176, 190, 97, 313, 335, 133, 151, 34, 210, 81, 78, 164, 263, 124, 222, 162, 40, 302, 90, 8, 281, 288, 16, 168, 43, 472, 20, 216, 49, 262, 231, 220, 280, 426, 424, 10, 155, 384, 111, 230, 51, 48, 307, 64, 71, 333, 307, 211, 149, 20, 415, 42, 403, 26, 425, 153, 466, 275, 426, 284, 51, 311, 90, 168, 2, 132, 110, 248, 189, 145, 113, 120, 307, 223, 317, 38, 348, 154, 325, 40, 71, 293, 109, 220, 386, 342, 103, 61, 214, 224, 87, 448, 330, 220, 65, 424, 115, 348, 330, 224, 369, 27, 263, 273, 167, 232, 258, 13, 287, 129, 100, 152, 141, 214, 297, 320, 191, 70, 370, 50, 454, 8, 47, 122, 71, 398, 177, 65, 247, 23, 413, 155, 166, 466, 342, 126, 256, 216, 190, 361, 313, 140, 176, 265, 472, 275, 50, 466, 381, 313, 404, 103, 47, 95, 405, 49, 424, 99, 313, 297, 207, 190, 287, 243, 133, 95, 85, 22, 70, 340, 92, 261, 370, 297, 87, 336, 267, 273, 229, 435, 39, 236, 422, 7, 337, 143, 250, 396, 463, 402, 299, 139, 39, 214, 266, 333, 19, 288, 40, 153, 226, 282, 13, 413, 396, 37, 170, 168, 287, 227, 270, 381, 327, 318, 10, 267, 39, 47, 103, 191, 288, 138, 246, 27, 126, 237, 171, 441, 179, 374, 162, 323, 179, 62, 390, 40, 47, 103, 39, 48, 424, 102, 326, 84, 467, 425, 250, 20, 349, 96, 361, 7, 406, 193, 150, 420, 52, 90, 236, 126, 59, 90, 34, 138, 287, 402, 223, 348, 47, 75, 69, 218, 197, 326, 202, 401, 171, 336, 374, 90, 37, 358, 328, 118, 97, 321, 119, 381, 454, 47, 182, 358, 370, 63, 97, 119, 265, 70, 447, 246, 223, 18, 36, 82, 181, 381, 413, 77, 439, 295, 426, 388, 456, 438, 223, 284, 151, 431, 466, 48, 133, 17, 405, 384, 104, 189, 98, 322, 20, 27, 240, 81, 370, 370, 237, 273, 237, 424, 189, 297, 85, 258, 350, 327, 227, 280, 462, 367, 207, 349, 154, 41, 78, 324, 418, 317, 366, 432, 138, 97, 226, 90, 234, 143, 442, 326, 357, 346, 287, 239, 36, 121, 271, 162, 240, 224, 185, 250, 47, 40, 89, 106, 105, 406, 447, 359, 339, 51, 137, 161, 73, 236, 32, 122, 297, 113, 7, 433, 309, 22, 356, 51, 208, 223, 293, 133, 287, 95, 332, 107, 8, 470, 71, 125, 325, 210, 444, 288, 85, 293, 361, 293, 415, 345, 128, 155, 280, 297, 312, 192, 211, 40, 227, 187, 98, 190, 436, 326, 78, 145, 424, 316, 120, 33, 224, 201, 239, 225, 58, 415, 60, 256, 93, 107, 195, 195, 468, 197, 42, 233, 99, 287, 49, 413, 273, 412, 23, 214, 6, 186, 281, 39, 460, 371, 337, 250, 418, 155, 69, 471, 36, 148, 250, 456, 260, 211, 97, 88, 116, 93, 103, 138, 255, 145, 468, 466, 330, 112, 282, 413, 266, 302, 416, 442, 39, 27, 278, 167, 81, 43, 112, 255, 60, 462, 383, 94, 202, 151, 252, 114, 336, 220, 88, 328, 201, 60, 317, 263, 442, 280, 262, 214, 342, 293, 329, 70, 281, 337, 200, 27, 175, 373, 119, 71, 20, 191, 403, 305, 273, 49, 98, 429, 68, 177, 283, 150, 287, 70, 463, 78, 406, 297, 42, 38, 22, 201, 311, 327, 255, 179, 23, 448, 183, 43, 446, 445, 166, 286, 60, 191, 155, 149, 243, 190, 418, 452, 444, 454, 68, 308, 382, 342, 398, 234, 256, 68, 112, 338, 26, 176, 134, 265, 428, 317, 260, 20, 65, 212, 145, 351, 20, 190, 368, 324, 190, 175, 266, 155, 278, 13, 219, 413, 339, 65, 141, 402, 286, 354, 302, 174, 104, 48, 103, 121, 280, 3, 338, 419, 14, 340, 400, 175, 71, 199, 413, 43, 162, 181, 34, 236, 462, 43, 50, 99, 243, 234, 405, 36, 14, 403, 345, 280, 151, 56, 239, 197, 333, 190, 40, 259, 203, 124, 299, 413, 254, 168, 299, 292, 23, 262, 167, 209, 111, 103, 231, 370, 85, 105, 201, 275, 41, 153, 40, 427, 387, 107, 190, 457, 429, 258, 366, 325, 69, 430, 386, 449, 208, 69, 413, 298, 150, 179, 128, 325, 26, 256, 92, 262, 92, 202, 90, 6, 466, 161, 406, 26, 69, 370, 195, 326, 270, 267, 103, 391, 81, 368, 7, 86, 90, 214, 395, 117, 16, 116, 9, 49, 471, 190, 191, 214, 162, 395, 242, 27, 254, 53, 390, 295, 192, 416, 323, 338, 64, 323, 115, 221, 201, 164,