K <- 50
N <- 3870
player2 <-
c(143, 93, 264, 307, 306, 218, 441, 297, 218, 65, 41, 19, 405, 421, 191, 326, 16, 282, 187, 126, 368, 135, 310, 85, 281, 116, 103, 166, 65, 104, 361, 88, 325, 71, 393, 267, 167, 400, 399, 321, 433, 39, 58, 118, 69, 65, 326, 18, 291, 471, 395, 18, 237, 190, 34, 179, 356, 452, 287, 428, 154, 85, 128, 129, 402, 460, 185, 58, 34, 78, 126, 201, 64, 212, 373, 357, 157, 265, 95, 58, 64, 227, 220, 71, 280, 245, 170, 278, 167, 20, 202, 472, 372, 278, 155, 287, 120, 185, 365, 465, 150, 260, 65, 280, 126, 448, 332, 176, 115, 120, 261, 120, 258, 126, 187, 365, 361, 192, 275, 43, 466, 416, 159, 234, 468, 217, 401, 58, 297, 70, 243, 239, 286, 352, 220, 250, 168, 115, 240, 15, 42, 12, 329, 84, 148, 302, 267, 125, 10, 214, 324, 81, 190, 62, 176, 284, 214, 287, 403, 282, 26, 24, 49, 106, 41, 284, 170, 179, 463, 348, 444, 19, 342, 287, 452, 115, 376, 327, 224, 338, 101, 387, 88, 170, 97, 462, 398, 177, 396, 43, 154, 236, 3, 11, 138, 442, 69, 375, 416, 60, 98, 186, 62, 386, 418, 250, 317, 421, 283, 258, 145, 326, 174, 333, 121, 211, 445, 413, 116, 153, 439, 356, 287, 85, 159, 199, 27, 386, 190, 93, 214, 214, 297, 397, 142, 143, 16, 58, 243, 422, 404, 7, 90, 145, 60, 116, 266, 117, 68, 342, 429, 154, 456, 351, 158, 77, 389, 153, 330, 11, 71, 422, 454, 161, 429, 5, 121, 111, 276, 22, 105, 40, 428, 109, 396, 333, 466, 38, 158, 189, 454, 68, 219, 168, 155, 417, 187, 370, 331, 360, 31, 262, 33, 201, 124, 159, 459, 254, 214, 466, 177, 359, 227, 402, 40, 2, 187, 93, 365, 11, 3, 342, 43, 327, 43, 370, 467, 27, 191, 40, 124, 286, 214, 297, 9, 263, 93, 265, 187, 139, 104, 435, 358, 33, 413, 283, 395, 181, 22, 192, 250, 441, 446, 16, 17, 249, 250, 462, 362, 143, 463, 400, 155, 33, 273, 427, 106, 16, 226, 50, 180, 388, 418, 112, 177, 101, 264, 339, 207, 153, 208, 446, 18, 191, 284, 5, 239, 63, 95, 33, 348, 381, 13, 381, 419, 401, 127, 205, 445, 176, 275, 368, 360, 69, 465, 288, 286, 47, 280, 227, 262, 380, 217, 145, 95, 282, 338, 132, 367, 380, 413, 184, 111, 98, 200, 473, 76, 348, 53, 27, 3, 60, 363, 110, 317, 236, 391, 149, 137, 113, 350, 38, 426, 305, 101, 380, 112, 112, 90, 413, 23, 176, 363, 165, 167, 27, 468, 391, 215, 76, 429, 250, 381, 280, 162, 356, 258, 366, 187, 186, 309, 433, 418, 164, 3, 302, 456, 374, 190, 27, 122, 337, 174, 122, 145, 362, 224, 9, 295, 267, 439, 161, 140, 305, 196, 250, 445, 309, 250, 304, 366, 18, 418, 286, 122, 7, 273, 55, 433, 64, 175, 220, 281, 381, 456, 264, 282, 103, 147, 63, 214, 401, 402, 468, 16, 366, 386, 368, 376, 361, 14, 20, 134, 126, 149, 252, 191, 425, 70, 45, 190, 445, 326, 418, 153, 134, 356, 190, 149, 103, 282, 147, 195, 444, 3, 267, 460, 130, 49, 40, 316, 281, 255, 396, 368, 416, 467, 30, 365, 419, 79, 430, 141, 186, 310, 211, 140, 112, 467, 103, 282, 29, 425, 225, 473, 156, 250, 368, 442, 127, 122, 371, 307, 439, 201, 267, 226, 75, 299, 5, 464, 217, 19, 73, 61, 231, 25, 18, 117, 229, 75, 246, 375, 107, 167, 330, 71, 310, 460, 33, 49, 398, 396, 313, 202, 336, 316, 413, 323, 93, 456, 217, 16, 2, 227, 442, 415, 179, 126, 141, 168, 270, 197, 26, 186, 168, 315, 250, 85, 229, 60, 52, 153, 40, 404, 158, 429, 445, 199, 281, 93, 447, 201, 49, 27, 429, 180, 424, 138, 357, 308, 462, 174, 176, 41, 261, 263, 96, 124, 51, 297, 220, 284, 264, 358, 368, 236, 53, 25, 447, 466, 244, 429, 40, 304, 273, 247, 85, 113, 210, 3, 342, 362, 224, 177, 282, 71, 278, 154, 112, 181, 305, 305, 20, 174, 318, 96, 310, 459, 284, 186, 170, 140, 349, 442, 462, 20, 287, 384, 280, 179, 118, 22, 327, 425, 287, 462, 81, 18, 149, 310, 111, 228, 286, 190, 345, 243, 195, 461, 384, 364, 229, 127, 158, 329, 339, 138, 151, 175, 147, 23, 250, 382, 34, 299, 49, 126, 237, 190, 423, 9, 20, 98, 132, 47, 378, 167, 94, 149, 141, 50, 23, 161, 141, 51, 273, 88, 345, 316, 310, 340, 118, 374, 265, 456, 233, 11, 264, 85, 93, 61, 185, 257, 124, 190, 317, 115, 250, 362, 391, 428, 164, 217, 444, 71, 325, 128, 92, 320, 168, 431, 69, 16, 214, 198, 456, 422, 175, 113, 324, 175, 103, 70, 348, 137, 190, 350, 200, 293, 370, 243, 141, 107, 42, 195, 70, 397, 161, 278, 305, 373, 149, 27, 124, 262, 100, 155, 155, 179, 260, 220, 97, 45, 299, 69, 386, 212, 246, 202, 112, 250, 305, 60, 338, 456, 381, 27, 90, 287, 105, 383, 126, 106, 124, 140, 431, 247, 400, 310, 370, 191, 350, 190, 153, 463, 370, 374, 90, 261, 113, 304, 322, 189, 419, 103, 3, 190, 71, 18, 71, 313, 467, 103, 447, 6, 273, 117, 281, 164, 71, 90, 430, 463, 212, 7, 315, 71, 71, 18, 370, 413, 136, 48, 52, 220, 90, 42, 100, 201, 445, 383, 444, 384, 179, 41, 313, 119, 190, 201, 244, 65, 158, 70, 416, 8, 220, 422, 327, 151, 169, 211, 370, 40, 40, 76, 358, 350, 120, 174, 368, 90, 282, 98, 117, 149, 239, 46, 287, 444, 211, 161, 174, 468, 305, 122, 48, 239, 47, 40, 70, 339, 410, 270, 424, 105, 48, 26, 383, 151, 278, 53, 470, 140, 105, 441, 38, 85, 6, 190, 415, 321, 164, 463, 71, 42, 40, 336, 467, 173, 370, 27, 255, 225, 275, 84, 327, 40, 19, 145, 196, 198, 383, 451, 118, 280, 265, 336, 6, 6, 392, 252, 171, 255, 224, 47, 433, 251, 168, 122, 198, 27, 299, 307, 267, 326, 359, 138, 250, 103, 444, 405, 326, 247, 152, 214, 191, 119, 281, 100, 393, 463, 275, 93, 236, 24, 186, 32, 384, 126, 62, 187, 138, 112, 401, 445, 324, 375, 393, 90, 251, 20, 214, 161, 276, 89, 107, 236, 448, 223, 413, 185, 75, 460, 364, 70, 69, 181, 179, 161, 317, 41, 247, 433, 47, 377, 246, 261, 301, 387, 446, 445, 177, 227, 90, 177, 186, 18, 276, 415, 248, 282, 452, 95, 27, 449, 369, 170, 95, 400, 327, 34, 365, 138, 147, 454, 7, 237, 463, 35, 350, 62, 361, 453, 233, 149, 110, 66, 56, 439, 357, 124, 62, 282, 424, 255, 8, 143, 325, 406, 288, 444, 322, 133, 370, 260, 197, 317, 413, 38, 13, 258, 222, 339, 56, 372, 271, 310, 413, 307, 267, 124, 424, 257, 200, 276, 250, 141, 330, 115, 332, 468, 324, 138, 124, 222, 242, 448, 426, 116, 240, 61, 316, 467, 393, 424, 278, 96, 373, 383, 381, 22, 121, 402, 185, 62, 97, 329, 148, 11, 129, 50, 452, 49, 444, 141, 333, 47, 327, 382, 325, 260, 135, 36, 234, 429, 378, 359, 336, 40, 39, 234, 202, 6, 471, 111, 3, 325, 26, 413, 258, 32, 358, 191, 66, 190, 224, 95, 201, 161, 100, 103, 25, 35, 401, 328, 460, 144, 118, 381, 302, 445, 130, 369, 280, 352, 220, 22, 250, 402, 236, 165, 316, 7, 96, 477, 305, 129, 164, 45, 105, 388, 166, 318, 406, 424, 102, 222, 145, 393, 332, 85, 34, 312, 255, 142, 94, 299, 442, 229, 126, 302, 89, 280, 302, 280, 64, 439, 6, 198, 85, 380, 436, 81, 201, 220, 153, 42, 158, 370, 99, 11, 112, 396, 139, 327, 85, 32, 413, 133, 122, 393, 305, 361, 430, 250, 396, 86, 227, 243, 287, 45, 261, 477, 90, 121, 377, 49, 419, 96, 338, 444, 413, 269, 441, 236, 42, 236, 223, 405, 265, 138, 462, 472, 262, 250, 100, 428, 170, 475, 391, 337, 42, 69, 155, 118, 76, 190, 310, 391, 398, 420, 76, 471, 400, 421, 197, 349, 329, 426, 168, 321, 46, 251, 75, 197, 295, 186, 224, 97, 374, 393, 337, 81, 53, 365, 168, 140, 9, 442, 103, 354, 218, 103, 472, 445, 115, 27, 422, 112, 406, 265, 266, 287, 391, 295, 190, 412, 147, 456, 417, 401, 417, 167, 267, 46, 323, 395, 373, 326, 7, 430, 40, 131, 466, 339, 460, 67, 20, 200, 302, 326, 124, 39, 229, 100, 335, 145, 287, 310, 179, 71, 429, 439, 159, 95, 2, 6, 468, 64, 190, 313, 86, 178, 423, 247, 328, 40, 36, 446, 322, 415, 283, 327, 176, 310, 366, 133, 243, 70, 185, 386, 325, 450, 64, 215, 466, 429, 204, 122, 246, 115, 289, 120, 373, 68, 336, 247, 446, 397, 281, 338, 299, 286, 143, 227, 234, 111, 367, 458, 306, 191, 126, 413, 250, 316, 349, 326, 246, 386, 133, 236, 124, 10, 190, 73, 123, 273, 121, 329, 386, 127, 330, 38, 220, 76, 195, 243, 40, 316, 250, 433, 9, 93, 142, 368, 416, 53, 429, 237, 250, 33, 280, 307, 282, 327, 280, 183, 190, 426, 338, 174, 351, 189, 222, 168, 60, 60, 179, 67, 27, 192, 223, 267, 141, 62, 91, 281, 212, 85, 335, 439, 58, 293, 287, 287, 456, 345, 23, 198, 81, 128, 348, 315, 263, 223, 116, 70, 385, 166, 373, 413, 295, 337, 416, 170, 202, 277, 422, 342, 214, 27, 337, 51, 391, 327, 214, 19, 199, 167, 454, 161, 121, 262, 400, 225, 282, 250, 119, 2, 71, 295, 73, 324, 176, 299, 214, 197, 326, 179, 121, 455, 313, 77, 250, 472, 126, 141, 16, 252, 151, 202, 3, 40, 422, 78, 